Running with arguments: /tmp/benchmark/binaries/run_hdd_ddmin.sh /tmp/benchmark/c_benchmarks/gcc-71626/r.sh /tmp/benchmark/c_benchmarks/gcc-71626/small.c /tmp/benchmark/stat/hdd_wdd_ddmin_c/hdd_ddmin_0/gcc-71626 /tmp/tmp2v0ba68h
/tmp/tmp.9xzuaMbloa /tmp/benchmark
weight_list(before reduction): [6133, ]

weight_list(after reduction): [6133, ]

No node is deleted.
Number of tests: 0
Time: 1 ms
***********************************************************************************************************************************************
weight_list(before reduction): [6133, ]

weight_list(after reduction): [6133, ]

No node is deleted.
Number of tests: 0
Time: 0 ms
***********************************************************************************************************************************************
weight_list(before reduction): [5, 18, 152, 159, 84, 18, 88, 95, 84, 18, 56, 63, 84, 18, 40, 47, 84, 18, 32, 39, 84, 18, 28, 35, 84, 18, 26, 33, 84, 18, 88, 95, 84, 18, 56, 63, 84, 18, 40, 47, 84, 18, 32, 39, 84, 18, 28, 35, 84, 18, 26, 33, 84, 18, 56, 63, 84, 18, 40, 47, 84, 18, 32, 39, 84, 18, 28, 35, 84, 18, 26, 33, 84, 18, 56, 63, 84, 18, 40, 47, 84, 18, 32, 39, 84, 18, 28, 35, 84, 18, 26, 33, 84, 18, 40, 47, 84, 18, 32, 39, 84, 18, 28, 35, 84, 18, 26, 33, 84, 18, 40, 47, 84, 18, 32, 39, 84, 18, 28, 35, 84, 18, 26, 33, 84, 133, ]

weight_list(after reduction): [5, 18, 152, 159, 84, 18, 88, 95, 84, 18, 56, 63, 84, 18, 40, 47, 84, 18, 32, 39, 84, 18, 28, 35, 84, 18, 26, 33, 84, 18, 88, 95, 84, 18, 56, 63, 84, 18, 40, 47, 84, 18, 32, 39, 84, 18, 28, 35, 84, 18, 26, 33, 84, 18, 56, 63, 84, 18, 40, 47, 84, 18, 32, 39, 84, 18, 28, 35, 84, 18, 26, 33, 84, 18, 56, 63, 84, 18, 40, 47, 84, 18, 32, 39, 84, 18, 28, 35, 84, 18, 26, 33, 84, 18, 40, 47, 84, 18, 32, 39, 84, 18, 28, 35, 84, 18, 26, 33, 84, 18, 40, 47, 84, 18, 32, 39, 84, 18, 28, 35, 84, 18, 26, 33, 84, 133, ]

No node is deleted.
Number of tests: 498
Time: 11786 ms
***********************************************************************************************************************************************
weight_list(before reduction): [4, 1, 17, 1, 9, 5, 138, 9, 6, 144, 1, 4, 79, 17, 1, 9, 5, 74, 9, 6, 80, 1, 4, 79, 17, 1, 9, 5, 42, 9, 6, 48, 1, 4, 79, 17, 1, 9, 5, 26, 9, 6, 32, 1, 4, 79, 17, 1, 9, 5, 18, 9, 6, 24, 1, 4, 79, 17, 1, 9, 5, 14, 9, 6, 20, 1, 4, 79, 17, 1, 9, 5, 12, 9, 6, 18, 1, 4, 79, 17, 1, 9, 5, 74, 9, 6, 80, 1, 4, 79, 17, 1, 9, 5, 42, 9, 6, 48, 1, 4, 79, 17, 1, 9, 5, 26, 9, 6, 32, 1, 4, 79, 17, 1, 9, 5, 18, 9, 6, 24, 1, 4, 79, 17, 1, 9, 5, 14, 9, 6, 20, 1, 4, 79, 17, 1, 9, 5, 12, 9, 6, 18, 1, 4, 79, 17, 1, 9, 5, 42, 9, 6, 48, 1, 4, 79, 17, 1, 9, 5, 26, 9, 6, 32, 1, 4, 79, 17, 1, 9, 5, 18, 9, 6, 24, 1, 4, 79, 17, 1, 9, 5, 14, 9, 6, 20, 1, 4, 79, 17, 1, 9, 5, 12, 9, 6, 18, 1, 4, 79, 17, 1, 9, 5, 42, 9, 6, 48, 1, 4, 79, 17, 1, 9, 5, 26, 9, 6, 32, 1, 4, 79, 17, 1, 9, 5, 18, 9, 6, 24, 1, 4, 79, 17, 1, 9, 5, 14, 9, 6, 20, 1, 4, 79, 17, 1, 9, 5, 12, 9, 6, 18, 1, 4, 79, 17, 1, 9, 5, 26, 9, 6, 32, 1, 4, 79, 17, 1, 9, 5, 18, 9, 6, 24, 1, 4, 79, 17, 1, 9, 5, 14, 9, 6, 20, 1, 4, 79, 17, 1, 9, 5, 12, 9, 6, 18, 1, 4, 79, 17, 1, 9, 5, 26, 9, 6, 32, 1, 4, 79, 17, 1, 9, 5, 18, 9, 6, 24, 1, 4, 79, 17, 1, 9, 5, 14, 9, 6, 20, 1, 4, 79, 17, 1, 9, 5, 12, 9, 6, 18, 1, 4, 79, 1, 3, 129, ]

weight_list(after reduction): [4, 1, 17, 1, 9, 5, 138, 9, 6, 144, 4, 79, 17, 1, 9, 5, 74, 9, 6, 80, 4, 79, 17, 1, 9, 5, 42, 9, 6, 48, 4, 79, 17, 1, 9, 5, 26, 9, 6, 32, 4, 79, 17, 1, 9, 5, 18, 9, 6, 24, 4, 79, 17, 1, 9, 5, 14, 9, 6, 20, 4, 79, 17, 1, 9, 5, 12, 9, 6, 18, 4, 79, 17, 1, 9, 5, 74, 9, 6, 80, 4, 79, 17, 1, 9, 5, 42, 9, 6, 48, 4, 79, 17, 1, 9, 5, 26, 9, 6, 32, 4, 79, 17, 1, 9, 5, 18, 9, 6, 24, 4, 79, 17, 1, 9, 5, 14, 9, 6, 20, 4, 79, 17, 1, 9, 5, 12, 9, 6, 18, 4, 79, 17, 1, 9, 5, 42, 9, 6, 48, 4, 79, 17, 1, 9, 5, 26, 9, 6, 32, 4, 79, 17, 1, 9, 5, 18, 9, 6, 24, 4, 79, 17, 1, 9, 5, 14, 9, 6, 20, 4, 79, 17, 1, 9, 5, 12, 9, 6, 18, 4, 79, 17, 1, 9, 5, 42, 9, 6, 48, 4, 79, 17, 1, 9, 5, 26, 9, 6, 32, 4, 79, 17, 1, 9, 5, 18, 9, 6, 24, 4, 79, 17, 1, 9, 5, 14, 9, 6, 20, 4, 79, 17, 1, 9, 5, 12, 9, 6, 18, 4, 79, 17, 1, 9, 5, 26, 9, 6, 32, 4, 79, 17, 1, 9, 5, 18, 9, 6, 24, 4, 79, 17, 1, 9, 5, 14, 9, 6, 20, 4, 79, 17, 1, 9, 5, 12, 9, 6, 18, 4, 79, 17, 1, 9, 5, 26, 9, 6, 32, 4, 79, 17, 1, 9, 5, 18, 9, 6, 24, 4, 79, 17, 1, 9, 5, 14, 9, 6, 20, 4, 79, 17, 1, 9, 5, 12, 9, 6, 18, 4, 79, 3, 129, ]

[Length of the list before reduction: 346]
[Length of the list after reduction: 314]
Sum of weight before reduction: 6133
Sum of weight after reduction: 6101
Token reduced: 32
Average weight before reduction: 17.72543352601156
Average weight after reduction: 19.429936305732483
Number of tests: 5615
Time: 119225 ms
***********************************************************************************************************************************************
weight_list(before reduction): [1, 1, 1, 1, 1, 1, 15, 8, 1, 1, 4, 1, 136, 1, 8, 1, 1, 5, 1, 142, 1, 1, 3, 1, 77, 1, 1, 1, 15, 8, 1, 1, 4, 1, 72, 1, 8, 1, 1, 5, 1, 78, 1, 1, 3, 1, 77, 1, 1, 1, 15, 8, 1, 1, 4, 1, 40, 1, 8, 1, 1, 5, 1, 46, 1, 1, 3, 1, 77, 1, 1, 1, 15, 8, 1, 1, 4, 1, 24, 1, 8, 1, 1, 5, 1, 30, 1, 1, 3, 1, 77, 1, 1, 1, 15, 8, 1, 1, 4, 1, 16, 1, 8, 1, 1, 5, 1, 22, 1, 1, 3, 1, 77, 1, 1, 1, 15, 8, 1, 1, 4, 1, 12, 1, 8, 1, 1, 5, 1, 18, 1, 1, 3, 1, 77, 1, 1, 1, 15, 8, 1, 1, 4, 1, 10, 1, 8, 1, 1, 5, 1, 16, 1, 1, 3, 1, 77, 1, 1, 1, 15, 8, 1, 1, 4, 1, 72, 1, 8, 1, 1, 5, 1, 78, 1, 1, 3, 1, 77, 1, 1, 1, 15, 8, 1, 1, 4, 1, 40, 1, 8, 1, 1, 5, 1, 46, 1, 1, 3, 1, 77, 1, 1, 1, 15, 8, 1, 1, 4, 1, 24, 1, 8, 1, 1, 5, 1, 30, 1, 1, 3, 1, 77, 1, 1, 1, 15, 8, 1, 1, 4, 1, 16, 1, 8, 1, 1, 5, 1, 22, 1, 1, 3, 1, 77, 1, 1, 1, 15, 8, 1, 1, 4, 1, 12, 1, 8, 1, 1, 5, 1, 18, 1, 1, 3, 1, 77, 1, 1, 1, 15, 8, 1, 1, 4, 1, 10, 1, 8, 1, 1, 5, 1, 16, 1, 1, 3, 1, 77, 1, 1, 1, 15, 8, 1, 1, 4, 1, 40, 1, 8, 1, 1, 5, 1, 46, 1, 1, 3, 1, 77, 1, 1, 1, 15, 8, 1, 1, 4, 1, 24, 1, 8, 1, 1, 5, 1, 30, 1, 1, 3, 1, 77, 1, 1, 1, 15, 8, 1, 1, 4, 1, 16, 1, 8, 1, 1, 5, 1, 22, 1, 1, 3, 1, 77, 1, 1, 1, 15, 8, 1, 1, 4, 1, 12, 1, 8, 1, 1, 5, 1, 18, 1, 1, 3, 1, 77, 1, 1, 1, 15, 8, 1, 1, 4, 1, 10, 1, 8, 1, 1, 5, 1, 16, 1, 1, 3, 1, 77, 1, 1, 1, 15, 8, 1, 1, 4, 1, 40, 1, 8, 1, 1, 5, 1, 46, 1, 1, 3, 1, 77, 1, 1, 1, 15, 8, 1, 1, 4, 1, 24, 1, 8, 1, 1, 5, 1, 30, 1, 1, 3, 1, 77, 1, 1, 1, 15, 8, 1, 1, 4, 1, 16, 1, 8, 1, 1, 5, 1, 22, 1, 1, 3, 1, 77, 1, 1, 1, 15, 8, 1, 1, 4, 1, 12, 1, 8, 1, 1, 5, 1, 18, 1, 1, 3, 1, 77, 1, 1, 1, 15, 8, 1, 1, 4, 1, 10, 1, 8, 1, 1, 5, 1, 16, 1, 1, 3, 1, 77, 1, 1, 1, 15, 8, 1, 1, 4, 1, 24, 1, 8, 1, 1, 5, 1, 30, 1, 1, 3, 1, 77, 1, 1, 1, 15, 8, 1, 1, 4, 1, 16, 1, 8, 1, 1, 5, 1, 22, 1, 1, 3, 1, 77, 1, 1, 1, 15, 8, 1, 1, 4, 1, 12, 1, 8, 1, 1, 5, 1, 18, 1, 1, 3, 1, 77, 1, 1, 1, 15, 8, 1, 1, 4, 1, 10, 1, 8, 1, 1, 5, 1, 16, 1, 1, 3, 1, 77, 1, 1, 1, 15, 8, 1, 1, 4, 1, 24, 1, 8, 1, 1, 5, 1, 30, 1, 1, 3, 1, 77, 1, 1, 1, 15, 8, 1, 1, 4, 1, 16, 1, 8, 1, 1, 5, 1, 22, 1, 1, 3, 1, 77, 1, 1, 1, 15, 8, 1, 1, 4, 1, 12, 1, 8, 1, 1, 5, 1, 18, 1, 1, 3, 1, 77, 1, 1, 1, 15, 8, 1, 1, 4, 1, 10, 1, 8, 1, 1, 5, 1, 16, 1, 1, 3, 1, 77, 1, 1, 2, 1, 127, 1, ]

weight_list(after reduction): [1, 1, 1, 1, 4, 1, 1, 1, 5, 1, 1, 1, 3, 1, 1, 1, 4, 1, 1, 1, 5, 1, 1, 1, 3, 1, 1, 1, 4, 1, 1, 1, 5, 1, 1, 1, 3, 1, 1, 1, 4, 1, 1, 1, 5, 1, 1, 1, 3, 1, 1, 1, 4, 1, 1, 1, 5, 1, 1, 1, 3, 1, 1, 1, 4, 1, 1, 1, 5, 1, 1, 1, 3, 1, 1, 1, 4, 1, 1, 1, 5, 1, 1, 1, 3, 1, 1, 1, 4, 1, 1, 1, 5, 1, 1, 1, 3, 1, 1, 1, 4, 1, 1, 1, 5, 1, 1, 1, 3, 1, 1, 1, 4, 1, 1, 1, 5, 1, 1, 1, 3, 1, 1, 1, 4, 1, 1, 1, 5, 1, 1, 1, 3, 1, 1, 1, 4, 1, 1, 1, 5, 1, 1, 1, 3, 1, 1, 1, 4, 1, 1, 1, 5, 1, 1, 1, 3, 1, 1, 1, 4, 1, 1, 1, 5, 1, 1, 1, 3, 1, 1, 1, 4, 1, 1, 1, 5, 1, 1, 1, 3, 1, 1, 1, 4, 1, 1, 1, 5, 1, 1, 1, 3, 1, 1, 1, 4, 1, 1, 1, 5, 1, 1, 1, 3, 1, 1, 1, 4, 1, 1, 1, 5, 1, 1, 1, 3, 1, 1, 1, 4, 1, 1, 1, 5, 1, 1, 1, 3, 1, 1, 1, 4, 1, 1, 1, 5, 1, 1, 1, 3, 1, 1, 1, 4, 1, 1, 1, 5, 1, 1, 1, 3, 1, 1, 1, 4, 1, 1, 1, 5, 1, 1, 1, 3, 1, 1, 1, 4, 1, 1, 1, 5, 1, 1, 1, 3, 1, 1, 1, 4, 1, 1, 1, 5, 1, 1, 1, 3, 1, 1, 1, 4, 1, 1, 1, 5, 1, 1, 1, 3, 1, 1, 1, 4, 1, 1, 1, 5, 1, 1, 1, 3, 1, 1, 1, 1, 15, 1, 4, 1, 1, 1, 1, 5, 1, 16, 1, 1, 3, 1, 1, 1, 4, 1, 1, 1, 5, 1, 1, 1, 3, 1, 1, 1, 4, 1, 1, 1, 5, 1, 1, 1, 3, 1, 1, 1, 4, 1, 1, 1, 5, 1, 1, 1, 3, 1, 1, 1, 4, 1, 1, 1, 5, 1, 1, 1, 3, 1, 1, 1, 2, 1, 1, ]

[Length of the list before reduction: 691]
[Length of the list after reduction: 384]
Sum of weight before reduction: 6069
Sum of weight after reduction: 693
Token reduced: 5376
Average weight before reduction: 8.782923299565846
Average weight after reduction: 1.8046875
Number of tests: 57579
Time: 1297495 ms
***********************************************************************************************************************************************
weight_list(before reduction): [1, 2, 1, 1, 3, 1, 1, 1, 1, 1, 2, 1, 1, 3, 1, 1, 1, 1, 1, 2, 1, 1, 3, 1, 1, 1, 1, 1, 2, 1, 1, 3, 1, 1, 1, 1, 1, 2, 1, 1, 3, 1, 1, 1, 1, 1, 2, 1, 1, 3, 1, 1, 1, 1, 1, 2, 1, 1, 3, 1, 1, 1, 1, 1, 2, 1, 1, 3, 1, 1, 1, 1, 1, 2, 1, 1, 3, 1, 1, 1, 1, 1, 2, 1, 1, 3, 1, 1, 1, 1, 1, 2, 1, 1, 3, 1, 1, 1, 1, 1, 2, 1, 1, 3, 1, 1, 1, 1, 1, 2, 1, 1, 3, 1, 1, 1, 1, 1, 2, 1, 1, 3, 1, 1, 1, 1, 1, 2, 1, 1, 3, 1, 1, 1, 1, 1, 2, 1, 1, 3, 1, 1, 1, 1, 1, 2, 1, 1, 3, 1, 1, 1, 1, 1, 2, 1, 1, 3, 1, 1, 1, 1, 1, 2, 1, 1, 3, 1, 1, 1, 1, 1, 2, 1, 1, 3, 1, 1, 1, 1, 1, 2, 1, 1, 3, 1, 1, 1, 1, 1, 2, 1, 1, 3, 1, 1, 1, 1, 1, 2, 1, 1, 3, 1, 1, 1, 1, 1, 2, 1, 1, 3, 1, 1, 1, 1, 1, 2, 1, 1, 3, 1, 1, 1, 1, 1, 2, 1, 1, 3, 1, 1, 1, 1, 1, 14, 1, 2, 1, 1, 3, 1, 6, 7, 3, 1, 1, 1, 1, 2, 1, 1, 3, 1, 1, 1, 1, 1, 2, 1, 1, 3, 1, 1, 1, 1, 1, 2, 1, 1, 3, 1, 1, 1, 1, 1, 2, 1, 1, 3, 1, 1, 1, 1, 1, 1, ]

weight_list(after reduction): [1, 1, 1, 1, 1, 1, 1, 1, 1, 1, 1, 1, 1, 1, 1, 1, 1, 1, 1, 1, 1, 1, 1, 1, 1, 1, 1, 1, 1, 1, 1, 1, 1, 1, 1, 1, 1, 1, 1, 1, 1, 1, 1, 1, 1, 1, 1, 1, 1, 1, 1, 1, 1, 1, 1, 1, 1, 1, 1, 1, 1, 1, 1, 1, 1, 1, 1, 1, 1, 1, 1, 1, 1, 1, 1, 1, 1, 1, 1, 1, 1, 1, 1, 1, 1, 1, 1, 1, 1, 1, 1, 1, 1, 1, 1, 1, 1, 1, 1, 1, 1, 1, 1, 1, 1, 1, 1, 1, 1, 1, 1, 1, 1, 1, 1, 1, 1, 1, 1, 1, 1, 1, 1, 1, 1, 1, 1, 1, 1, 1, 1, 1, 1, 1, 1, 1, 1, 1, 1, 1, 1, 1, 1, 1, 1, 1, 1, 1, 1, 1, 1, 1, 1, 1, 1, 1, 1, 14, 1, 1, 1, 1, 6, 7, 3, 1, 1, 1, 1, 1, 1, 1, 1, 1, 1, 1, 1, 1, 1, 1, 1, 1, 1, 1, 1, 1, 1, 1, 1, 1, 1, 1, 1, ]

[Length of the list before reduction: 286]
[Length of the list after reduction: 193]
Sum of weight before reduction: 405
Sum of weight after reduction: 219
Token reduced: 186
Average weight before reduction: 1.416083916083916
Average weight after reduction: 1.1347150259067358
Number of tests: 9278
Time: 151862 ms
***********************************************************************************************************************************************
weight_list(before reduction): [1, 1, 1, 9, 1, 1, 1, 4, 1, 1, 5, 1, 2, 1, ]

weight_list(after reduction): [1, 1, 1, 9, 1, 1, 1, 4, 1, 1, 5, 1, 2, 1, ]

No node is deleted.
Number of tests: 50
Time: 1299 ms
***********************************************************************************************************************************************
weight_list(before reduction): [1, 8, 1, 3, 1, 4, 1, 1, ]

weight_list(after reduction): [1, 8, 1, 3, 1, 4, 1, 1, ]

No node is deleted.
Number of tests: 26
Time: 1624 ms
***********************************************************************************************************************************************
weight_list(before reduction): [1, 6, 1, 1, 2, 1, 3, ]

weight_list(after reduction): [1, 6, 1, 1, 2, 1, 3, ]

No node is deleted.
Number of tests: 22
Time: 327 ms
***********************************************************************************************************************************************
weight_list(before reduction): [1, 5, 1, 1, 1, 1, 1, ]

weight_list(after reduction): [1, 5, 1, 1, 1, 1, ]

[Length of the list before reduction: 7]
[Length of the list after reduction: 6]
Sum of weight before reduction: 11
Sum of weight after reduction: 10
Token reduced: 1
Average weight before reduction: 1.5714285714285714
Average weight after reduction: 1.6666666666666667
Number of tests: 24
Time: 580 ms
***********************************************************************************************************************************************
weight_list(before reduction): [1, 4, ]

weight_list(after reduction): [1, 4, ]

No node is deleted.
Number of tests: 2
Time: 30 ms
***********************************************************************************************************************************************
weight_list(before reduction): [1, 3, ]

weight_list(after reduction): [1, 3, ]

No node is deleted.
Number of tests: 2
Time: 30 ms
***********************************************************************************************************************************************
weight_list(before reduction): [2, 1, ]

weight_list(after reduction): [2, 1, ]

No node is deleted.
Number of tests: 2
Time: 30 ms
***********************************************************************************************************************************************
weight_list(before reduction): [1, 1, ]

weight_list(after reduction): [1, 1, ]

No node is deleted.
Number of tests: 2
Time: 29 ms
***********************************************************************************************************************************************
weight_list(before reduction): [538, ]

weight_list(after reduction): [538, ]

No node is deleted.
Number of tests: 0
Time: 0 ms
***********************************************************************************************************************************************
weight_list(before reduction): [538, ]

weight_list(after reduction): [538, ]

No node is deleted.
Number of tests: 0
Time: 0 ms
***********************************************************************************************************************************************
weight_list(before reduction): [4, 1, 5, 5, 5, 1, 5, 5, 5, 1, 5, 5, 5, 1, 5, 5, 5, 1, 5, 5, 5, 1, 5, 5, 5, 1, 5, 5, 5, 1, 5, 5, 5, 1, 5, 5, 5, 1, 5, 5, 5, 1, 5, 5, 5, 1, 5, 5, 5, 1, 5, 5, 5, 1, 5, 5, 5, 1, 5, 5, 5, 1, 5, 5, 5, 1, 5, 5, 5, 1, 5, 5, 5, 1, 5, 5, 5, 1, 5, 5, 5, 1, 5, 5, 5, 1, 5, 5, 5, 1, 5, 5, 5, 1, 5, 5, 5, 1, 5, 5, 5, 1, 5, 5, 5, 18, 5, 21, 5, 1, 5, 5, 5, 1, 5, 5, 5, 1, 5, 5, 5, 1, 5, 5, 5, 5, ]

weight_list(after reduction): [4, 5, 18, 21, 5, ]

[Length of the list before reduction: 126]
[Length of the list after reduction: 5]
Sum of weight before reduction: 538
Sum of weight after reduction: 53
Token reduced: 485
Average weight before reduction: 4.26984126984127
Average weight after reduction: 10.6
Number of tests: 112
Time: 4387 ms
***********************************************************************************************************************************************
weight_list(before reduction): [3, 1, 3, 2, 17, 1, 1, 3, 17, 3, 2, ]

weight_list(after reduction): [3, 1, 3, 2, 17, 1, 1, 3, 17, 3, 2, ]

No node is deleted.
Number of tests: 38
Time: 730 ms
***********************************************************************************************************************************************
weight_list(before reduction): [1, 1, 1, 1, 2, 1, 1, 1, 1, 15, 1, 2, 1, 15, 1, 1, 2, 1, 1, ]

weight_list(after reduction): [1, 1, 1, 1, 2, 1, 1, 1, 1, 15, 1, 2, 1, 15, 1, 1, 2, 1, 1, ]

No node is deleted.
Number of tests: 70
Time: 1128 ms
***********************************************************************************************************************************************
weight_list(before reduction): [1, 1, 1, 14, 1, 1, 5, 7, 3, 1, 1, ]

weight_list(after reduction): [1, 1, 1, 14, 1, 1, 5, 7, 3, 1, 1, ]

No node is deleted.
Number of tests: 38
Time: 645 ms
***********************************************************************************************************************************************
weight_list(before reduction): [1, 1, 1, 9, 1, 1, 1, 3, 1, 1, 5, 1, 2, 1, ]

weight_list(after reduction): [1, 1, 1, 9, 1, 1, 1, 3, 1, 1, 5, 1, 2, 1, ]

No node is deleted.
Number of tests: 50
Time: 915 ms
***********************************************************************************************************************************************
weight_list(before reduction): [1, 8, 1, 2, 1, 4, 1, 1, ]

weight_list(after reduction): [1, 8, 1, 2, 1, 4, 1, 1, ]

No node is deleted.
Number of tests: 26
Time: 1006 ms
***********************************************************************************************************************************************
weight_list(before reduction): [1, 6, 1, 1, 1, 1, 3, ]

weight_list(after reduction): [1, 6, 1, 1, 1, 1, 3, ]

No node is deleted.
Number of tests: 22
Time: 275 ms
***********************************************************************************************************************************************
weight_list(before reduction): [1, 5, 1, 1, 1, ]

weight_list(after reduction): [1, 5, 1, 1, 1, ]

No node is deleted.
Number of tests: 14
Time: 241 ms
***********************************************************************************************************************************************
weight_list(before reduction): [1, 4, ]

weight_list(after reduction): [1, 4, ]

No node is deleted.
Number of tests: 2
Time: 24 ms
***********************************************************************************************************************************************
weight_list(before reduction): [1, 3, ]

weight_list(after reduction): [1, 3, ]

No node is deleted.
Number of tests: 2
Time: 23 ms
***********************************************************************************************************************************************
weight_list(before reduction): [2, 1, ]

weight_list(after reduction): [2, 1, ]

No node is deleted.
Number of tests: 2
Time: 24 ms
***********************************************************************************************************************************************
weight_list(before reduction): [1, 1, ]

weight_list(after reduction): [1, 1, ]

No node is deleted.
Number of tests: 2
Time: 24 ms
***********************************************************************************************************************************************
weight_list(before reduction): [53, ]

weight_list(after reduction): [53, ]

No node is deleted.
Number of tests: 0
Time: 0 ms
***********************************************************************************************************************************************
weight_list(before reduction): [53, ]

weight_list(after reduction): [53, ]

No node is deleted.
Number of tests: 0
Time: 0 ms
***********************************************************************************************************************************************
weight_list(before reduction): [4, 5, 18, 21, 5, ]

weight_list(after reduction): [4, 5, 18, 21, 5, ]

No node is deleted.
Number of tests: 14
Time: 393 ms
***********************************************************************************************************************************************
weight_list(before reduction): [3, 1, 3, 2, 17, 1, 1, 3, 17, 3, 2, ]

weight_list(after reduction): [3, 1, 3, 2, 17, 1, 1, 3, 17, 3, 2, ]

No node is deleted.
Number of tests: 38
Time: 690 ms
***********************************************************************************************************************************************
weight_list(before reduction): [1, 1, 1, 1, 2, 1, 1, 1, 1, 15, 1, 2, 1, 15, 1, 1, 2, 1, 1, ]

weight_list(after reduction): [1, 1, 1, 1, 2, 1, 1, 1, 1, 15, 1, 2, 1, 15, 1, 1, 2, 1, 1, ]

No node is deleted.
Number of tests: 70
Time: 1128 ms
***********************************************************************************************************************************************
weight_list(before reduction): [1, 1, 1, 14, 1, 1, 5, 7, 3, 1, 1, ]

weight_list(after reduction): [1, 1, 1, 14, 1, 1, 5, 7, 3, 1, 1, ]

No node is deleted.
Number of tests: 38
Time: 634 ms
***********************************************************************************************************************************************
weight_list(before reduction): [1, 1, 1, 9, 1, 1, 1, 3, 1, 1, 5, 1, 2, 1, ]

weight_list(after reduction): [1, 1, 1, 9, 1, 1, 1, 3, 1, 1, 5, 1, 2, 1, ]

No node is deleted.
Number of tests: 50
Time: 894 ms
***********************************************************************************************************************************************
weight_list(before reduction): [1, 8, 1, 2, 1, 4, 1, 1, ]

weight_list(after reduction): [1, 8, 1, 2, 1, 4, 1, 1, ]

No node is deleted.
Number of tests: 26
Time: 984 ms
***********************************************************************************************************************************************
weight_list(before reduction): [1, 6, 1, 1, 1, 1, 3, ]

weight_list(after reduction): [1, 6, 1, 1, 1, 1, 3, ]

No node is deleted.
Number of tests: 22
Time: 271 ms
***********************************************************************************************************************************************
weight_list(before reduction): [1, 5, 1, 1, 1, ]

weight_list(after reduction): [1, 5, 1, 1, 1, ]

No node is deleted.
Number of tests: 14
Time: 238 ms
***********************************************************************************************************************************************
weight_list(before reduction): [1, 4, ]

weight_list(after reduction): [1, 4, ]

No node is deleted.
Number of tests: 2
Time: 23 ms
***********************************************************************************************************************************************
weight_list(before reduction): [1, 3, ]

weight_list(after reduction): [1, 3, ]

No node is deleted.
Number of tests: 2
Time: 22 ms
***********************************************************************************************************************************************
weight_list(before reduction): [2, 1, ]

weight_list(after reduction): [2, 1, ]

No node is deleted.
Number of tests: 2
Time: 24 ms
***********************************************************************************************************************************************
weight_list(before reduction): [1, 1, ]

weight_list(after reduction): [1, 1, ]

No node is deleted.
Number of tests: 2
Time: 24 ms
***********************************************************************************************************************************************
/tmp/benchmark
