Running with arguments: /tmp/benchmark/binaries/run_hdd_ddmin.sh /tmp/benchmark/c_benchmarks/gcc-64990/r.sh /tmp/benchmark/c_benchmarks/gcc-64990/small.c /tmp/benchmark/stat/hdd_wdd_ddmin_c/hdd_ddmin_0/gcc-64990 /tmp/tmpyvaub_9j
/tmp/tmp.UoADZjtbjo /tmp/benchmark
weight_list(before reduction): [148931, ]

weight_list(after reduction): [148931, ]

No node is deleted.
Number of tests: 0
Time: 0 ms
***********************************************************************************************************************************************
weight_list(before reduction): [148931, ]

weight_list(after reduction): [148931, ]

No node is deleted.
Number of tests: 0
Time: 0 ms
***********************************************************************************************************************************************
weight_list(before reduction): [5, 5, 5, 4, 6, 5, 6, 5, 7, 10, 23, 19, 15, 21, 21, 19, 55, 55, 79, 72, 62, 54, 15, 21, 21, 19, 57, 57, 79, 72, 62, 54, 32, 84, 66, 143, 57, 57, 79, 72, 62, 54, 32, 84, 66, 143, 57, 57, 79, 72, 62, 54, 15, 19, 19, 31, 33, 33, 73, 66, 56, 46, 15, 19, 19, 31, 33, 33, 73, 66, 56, 46, 15, 19, 19, 31, 33, 33, 73, 66, 56, 46, 15, 19, 19, 33, 33, 33, 73, 66, 56, 46, 48, 48, 52, 73, 53, 53, 57, 78, 48, 7, 6, 88, 32, 97, 38, 63, 4, 7, 15, 6, 6, 6, 6, 6, 6, 6, 6, 6, 72, 6, 6, 6, 6, 6, 9, 6, 6, 6, 6, 6, 6, 6, 6, 156, 419, 6, 19, 6, 6, 9, 6, 6, 6, 6, 7, 6, 177, 6, 6, 7, 7, 8, 17, 8, 8, 11, 14, 17, 8, 20, 803, 115, 532, 101431, 185, 36111, 1648, 47, 24, 1275, 720, ]

weight_list(after reduction): [5, 5, 4, 5, 6, 5, 7, 19, 15, 21, 21, 19, 55, 79, 72, 62, 54, 15, 21, 21, 19, 57, 79, 72, 62, 54, 32, 84, 66, 57, 15, 19, 19, 31, 33, 73, 66, 56, 46, 15, 19, 19, 31, 33, 73, 66, 56, 46, 15, 19, 19, 31, 33, 7, 6, 88, 32, 97, 38, 7, 15, 6, 6, 6, 6, 6, 6, 6, 6, 6, 72, 6, 6, 6, 6, 6, 9, 6, 6, 6, 6, 6, 6, 6, 6, 156, 419, 6, 19, 6, 6, 9, 6, 6, 6, 6, 7, 6, 177, 6, 6, 7, 8, 17, 8, 8, 11, 14, 803, 115, 532, 101431, 185, 36111, 1648, 720, ]

[Length of the list before reduction: 173]
[Length of the list after reduction: 116]
Sum of weight before reduction: 148931
Sum of weight after reduction: 144894
Token reduced: 4037
Average weight before reduction: 860.8728323699422
Average weight after reduction: 1249.0862068965516
Number of tests: 1404
Time: 1900880 ms
***********************************************************************************************************************************************
weight_list(before reduction): [4, 1, 4, 1, 3, 1, 4, 1, 5, 1, 4, 1, 6, 1, 2, 8, 9, 2, 7, 6, 2, 10, 9, 2, 10, 9, 2, 10, 7, 2, 10, 43, 2, 10, 67, 2, 11, 59, 2, 10, 50, 2, 11, 41, 2, 7, 6, 2, 10, 9, 2, 10, 9, 2, 10, 7, 2, 10, 45, 2, 10, 67, 2, 11, 59, 2, 10, 50, 2, 11, 41, 2, 7, 23, 2, 10, 72, 2, 10, 54, 2, 10, 45, 2, 7, 6, 2, 10, 7, 2, 10, 7, 2, 10, 19, 2, 10, 21, 2, 10, 61, 2, 11, 53, 2, 10, 44, 2, 11, 33, 2, 7, 6, 2, 10, 7, 2, 10, 7, 2, 10, 19, 2, 10, 21, 2, 10, 61, 2, 11, 53, 2, 10, 44, 2, 11, 33, 2, 7, 6, 2, 10, 7, 2, 10, 7, 2, 10, 19, 2, 10, 21, 2, 4, 1, 2, 3, 1, 2, 4, 82, 2, 5, 25, 2, 5, 90, 2, 12, 24, 3, 3, 1, 2, 12, 1, 2, 3, 1, 2, 3, 1, 2, 3, 1, 2, 3, 1, 2, 3, 1, 2, 3, 1, 2, 3, 1, 2, 3, 1, 2, 3, 1, 2, 69, 1, 2, 3, 1, 2, 3, 1, 2, 3, 1, 2, 3, 1, 2, 3, 1, 2, 6, 1, 2, 3, 1, 2, 3, 1, 2, 3, 1, 2, 3, 1, 2, 3, 1, 2, 3, 1, 2, 3, 1, 2, 3, 1, 2, 153, 1, 2, 416, 1, 2, 3, 1, 2, 16, 1, 2, 3, 1, 2, 3, 1, 2, 6, 1, 2, 3, 1, 2, 3, 1, 2, 3, 1, 2, 3, 1, 3, 3, 1, 2, 3, 1, 2, 174, 1, 2, 3, 1, 2, 3, 1, 3, 3, 1, 2, 5, 1, 2, 14, 1, 2, 5, 1, 2, 5, 1, 2, 8, 1, 2, 11, 1, 2, 4, 797, 2, 5, 108, 2, 14, 516, 2, 5, 101424, 2, 5, 178, 2, 8, 36101, 2, 11, 1635, 1, 4, 715, ]

weight_list(after reduction): [4, 1, 4, 1, 3, 1, 4, 1, 5, 1, 4, 1, 6, 1, 2, 8, 9, 2, 7, 6, 2, 10, 9, 2, 10, 9, 2, 10, 7, 2, 10, 43, 2, 10, 67, 2, 11, 59, 2, 10, 50, 2, 11, 41, 2, 7, 6, 2, 10, 9, 2, 10, 9, 2, 10, 7, 2, 10, 45, 2, 10, 67, 2, 11, 59, 2, 10, 50, 2, 11, 41, 2, 7, 23, 2, 10, 72, 2, 10, 54, 2, 10, 45, 2, 7, 6, 2, 10, 7, 2, 10, 7, 2, 10, 19, 2, 10, 21, 2, 10, 61, 2, 11, 53, 2, 10, 44, 2, 11, 33, 2, 7, 6, 2, 10, 7, 2, 10, 7, 2, 10, 19, 2, 10, 21, 2, 10, 61, 2, 11, 53, 2, 10, 44, 2, 11, 33, 2, 7, 6, 2, 10, 7, 2, 10, 7, 2, 10, 19, 2, 10, 21, 2, 4, 1, 2, 3, 1, 2, 4, 82, 2, 5, 25, 2, 5, 90, 2, 12, 24, 3, 3, 1, 2, 12, 1, 2, 3, 1, 2, 3, 1, 2, 3, 1, 2, 3, 1, 2, 3, 1, 2, 3, 1, 2, 3, 1, 2, 3, 1, 2, 3, 1, 2, 69, 1, 2, 3, 1, 2, 3, 1, 2, 3, 1, 2, 3, 1, 2, 3, 1, 2, 6, 1, 2, 3, 1, 2, 3, 1, 2, 3, 1, 2, 3, 1, 2, 3, 1, 2, 3, 1, 2, 3, 1, 2, 3, 1, 2, 153, 1, 2, 416, 1, 2, 3, 1, 2, 16, 1, 2, 3, 1, 2, 3, 1, 2, 6, 1, 2, 3, 1, 2, 3, 1, 2, 3, 1, 2, 3, 1, 3, 3, 1, 2, 3, 1, 2, 174, 1, 2, 3, 1, 2, 3, 1, 3, 3, 1, 2, 5, 1, 2, 14, 1, 2, 5, 1, 2, 5, 1, 2, 8, 1, 2, 11, 1, 2, 4, 797, 2, 5, 108, 2, 14, 516, 2, 5, 101424, 2, 5, 178, 2, 8, 36101, 2, 11, 1635, 1, 4, 715, ]

No node is deleted.
Number of tests: 1358
Time: 981151 ms
***********************************************************************************************************************************************
weight_list(before reduction): [1, 1, 1, 1, 1, 1, 1, 1, 1, 1, 1, 1, 1, 1, 1, 1, 1, 1, 1, 1, 1, 1, 1, 1, 1, 1, 1, 1, 1, 1, 1, 1, 1, 7, 1, 7, 1, 1, 1, 3, 4, 1, 4, 1, 1, 1, 3, 7, 1, 7, 1, 1, 1, 3, 7, 1, 7, 1, 1, 1, 3, 7, 1, 5, 1, 1, 1, 3, 7, 1, 41, 1, 1, 1, 3, 7, 1, 65, 1, 1, 1, 3, 8, 1, 57, 1, 1, 1, 3, 7, 1, 48, 1, 1, 1, 3, 8, 1, 39, 1, 1, 1, 3, 4, 1, 4, 1, 1, 1, 3, 7, 1, 7, 1, 1, 1, 3, 7, 1, 7, 1, 1, 1, 3, 7, 1, 5, 1, 1, 1, 3, 7, 1, 43, 1, 1, 1, 3, 7, 1, 65, 1, 1, 1, 3, 8, 1, 57, 1, 1, 1, 3, 7, 1, 48, 1, 1, 1, 3, 8, 1, 39, 1, 1, 1, 3, 4, 1, 21, 1, 1, 1, 3, 7, 1, 70, 1, 1, 1, 3, 7, 1, 52, 1, 1, 1, 3, 7, 1, 43, 1, 1, 1, 3, 4, 1, 4, 1, 1, 1, 3, 7, 1, 5, 1, 1, 1, 3, 7, 1, 5, 1, 1, 1, 3, 7, 1, 17, 1, 1, 1, 3, 7, 1, 19, 1, 1, 1, 3, 7, 1, 59, 1, 1, 1, 3, 8, 1, 51, 1, 1, 1, 3, 7, 1, 42, 1, 1, 1, 3, 8, 1, 31, 1, 1, 1, 3, 4, 1, 4, 1, 1, 1, 3, 7, 1, 5, 1, 1, 1, 3, 7, 1, 5, 1, 1, 1, 3, 7, 1, 17, 1, 1, 1, 3, 7, 1, 19, 1, 1, 1, 3, 7, 1, 59, 1, 1, 1, 3, 8, 1, 51, 1, 1, 1, 3, 7, 1, 42, 1, 1, 1, 3, 8, 1, 31, 1, 1, 1, 3, 4, 1, 4, 1, 1, 1, 3, 7, 1, 5, 1, 1, 1, 3, 7, 1, 5, 1, 1, 1, 3, 7, 1, 17, 1, 1, 1, 3, 7, 1, 19, 1, 1, 1, 1, 3, 1, 1, 1, 2, 1, 1, 1, 3, 1, 80, 1, 1, 1, 1, 4, 1, 23, 1, 1, 1, 1, 4, 1, 88, 1, 1, 1, 1, 11, 1, 22, 1, 1, 1, 1, 1, 2, 1, 1, 4, 8, 1, 1, 1, 2, 1, 1, 1, 2, 1, 1, 1, 2, 1, 1, 1, 2, 1, 1, 1, 2, 1, 1, 1, 2, 1, 1, 1, 2, 1, 1, 1, 2, 1, 1, 1, 2, 1, 1, 7, 62, 1, 1, 1, 2, 1, 1, 1, 2, 1, 1, 1, 2, 1, 1, 1, 2, 1, 1, 1, 2, 1, 1, 1, 5, 1, 1, 1, 2, 1, 1, 1, 2, 1, 1, 1, 2, 1, 1, 1, 2, 1, 1, 1, 2, 1, 1, 1, 2, 1, 1, 1, 2, 1, 1, 1, 2, 1, 1, 7, 146, 1, 1, 10, 406, 1, 1, 1, 2, 1, 1, 4, 12, 1, 1, 1, 2, 1, 1, 1, 2, 1, 1, 1, 5, 1, 1, 1, 2, 1, 1, 1, 2, 1, 1, 1, 2, 1, 1, 1, 2, 1, 1, 1, 1, 2, 1, 1, 1, 2, 1, 1, 10, 164, 1, 1, 1, 2, 1, 1, 1, 2, 1, 1, 1, 1, 2, 1, 1, 1, 4, 1, 1, 1, 13, 1, 1, 1, 4, 1, 1, 1, 4, 1, 1, 1, 7, 1, 1, 1, 10, 1, 1, 1, 3, 1, 795, 1, 1, 1, 1, 4, 1, 106, 1, 1, 1, 1, 13, 1, 514, 1, 1, 1, 1, 4, 1, 101422, 1, 1, 1, 1, 4, 1, 176, 1, 1, 1, 1, 7, 1, 36099, 1, 1, 1, 1, 10, 1, 1633, 1, 1, 3, 1, 713, 1, ]

weight_list(after reduction): [1, 1, 1, 1, 1, 1, 1, 1, 1, 1, 1, 1, 1, 1, 1, 1, 1, 1, 1, 1, 1, 1, 1, 1, 7, 1, 1, 1, 3, 4, 1, 4, 1, 1, 3, 7, 1, 7, 1, 1, 3, 7, 1, 7, 1, 1, 3, 7, 1, 5, 1, 1, 3, 7, 1, 41, 1, 1, 3, 7, 1, 65, 1, 1, 3, 8, 1, 57, 1, 1, 3, 7, 1, 48, 1, 1, 3, 8, 1, 39, 1, 1, 3, 4, 1, 4, 1, 1, 3, 7, 1, 7, 1, 1, 3, 7, 1, 7, 1, 1, 3, 7, 1, 5, 1, 1, 3, 7, 1, 43, 1, 1, 3, 7, 1, 65, 1, 1, 3, 8, 1, 57, 1, 1, 3, 7, 1, 48, 1, 1, 3, 8, 1, 39, 1, 1, 3, 4, 1, 21, 1, 1, 3, 7, 1, 70, 1, 1, 3, 7, 1, 52, 1, 1, 3, 7, 1, 43, 1, 1, 3, 4, 1, 4, 1, 1, 3, 7, 1, 5, 1, 1, 3, 7, 1, 5, 1, 1, 3, 7, 1, 17, 1, 1, 3, 7, 1, 19, 1, 1, 3, 7, 1, 59, 1, 1, 3, 8, 1, 51, 1, 1, 3, 7, 1, 42, 1, 1, 3, 8, 1, 31, 1, 1, 3, 4, 1, 4, 1, 1, 3, 7, 1, 5, 1, 1, 3, 7, 1, 5, 1, 1, 3, 7, 1, 17, 1, 1, 3, 7, 1, 19, 1, 1, 3, 7, 1, 59, 1, 1, 3, 8, 1, 51, 1, 1, 3, 7, 1, 42, 1, 1, 3, 8, 1, 31, 1, 1, 3, 4, 1, 4, 1, 1, 3, 7, 1, 5, 1, 1, 3, 7, 1, 5, 1, 1, 3, 7, 1, 17, 1, 1, 3, 7, 1, 19, 1, 1, 1, 1, 1, 1, 1, 3, 1, 1, 1, 1, 4, 1, 1, 1, 1, 4, 1, 1, 1, 1, 11, 1, 1, 1, 1, 1, 4, 8, 1, 1, 1, 1, 1, 1, 1, 2, 1, 1, 1, 1, 1, 1, 1, 1, 1, 1, 1, 1, 1, 7, 1, 1, 1, 1, 1, 1, 1, 1, 1, 1, 1, 1, 1, 1, 2, 1, 1, 1, 1, 1, 1, 1, 1, 1, 1, 1, 1, 1, 1, 1, 7, 1, 10, 1, 1, 1, 4, 1, 1, 1, 1, 1, 1, 1, 1, 1, 1, 1, 1, 1, 1, 1, 1, 1, 1, 1, 1, 10, 1, 1, 1, 1, 1, 1, 1, 1, 4, 1, 1, 13, 1, 1, 4, 1, 1, 4, 1, 1, 7, 1, 1, 10, 1, 1, 3, 1, 795, 1, 1, 1, 4, 1, 106, 1, 1, 1, 13, 1, 514, 1, 1, 1, 4, 1, 101422, 1, 1, 1, 4, 1, 176, 1, 1, 1, 7, 1, 36099, 1, 1, 1, 10, 1, 1633, 1, 1, 3, 1, 713, 1, ]

[Length of the list before reduction: 641]
[Length of the list after reduction: 477]
Sum of weight before reduction: 144835
Sum of weight after reduction: 143627
Token reduced: 1208
Average weight before reduction: 225.95163806552262
Average weight after reduction: 301.104821802935
Number of tests: 37175
Time: 25940895 ms
***********************************************************************************************************************************************
weight_list(before reduction): [1, 5, 1, 1, 1, 1, 1, 2, 1, 3, 1, 1, 1, 1, 1, 5, 1, 6, 1, 1, 1, 1, 1, 5, 1, 6, 1, 1, 1, 1, 1, 5, 1, 4, 1, 1, 1, 1, 1, 5, 1, 40, 1, 1, 1, 1, 1, 5, 1, 64, 1, 1, 1, 1, 1, 6, 1, 56, 1, 1, 1, 1, 1, 5, 1, 47, 1, 1, 1, 1, 1, 6, 1, 38, 1, 1, 1, 1, 1, 2, 1, 3, 1, 1, 1, 1, 1, 5, 1, 6, 1, 1, 1, 1, 1, 5, 1, 6, 1, 1, 1, 1, 1, 5, 1, 4, 1, 1, 1, 1, 1, 5, 1, 42, 1, 1, 1, 1, 1, 5, 1, 64, 1, 1, 1, 1, 1, 6, 1, 56, 1, 1, 1, 1, 1, 5, 1, 47, 1, 1, 1, 1, 1, 6, 1, 38, 1, 1, 1, 1, 1, 2, 1, 20, 1, 1, 1, 1, 1, 5, 1, 69, 1, 1, 1, 1, 1, 5, 1, 51, 1, 1, 1, 1, 1, 5, 1, 42, 1, 1, 1, 1, 1, 2, 1, 3, 1, 1, 1, 1, 1, 5, 1, 4, 1, 1, 1, 1, 1, 5, 1, 4, 1, 1, 1, 1, 1, 5, 1, 16, 1, 1, 1, 1, 1, 5, 1, 18, 1, 1, 1, 1, 1, 5, 1, 58, 1, 1, 1, 1, 1, 6, 1, 50, 1, 1, 1, 1, 1, 5, 1, 41, 1, 1, 1, 1, 1, 6, 1, 30, 1, 1, 1, 1, 1, 2, 1, 3, 1, 1, 1, 1, 1, 5, 1, 4, 1, 1, 1, 1, 1, 5, 1, 4, 1, 1, 1, 1, 1, 5, 1, 16, 1, 1, 1, 1, 1, 5, 1, 18, 1, 1, 1, 1, 1, 5, 1, 58, 1, 1, 1, 1, 1, 6, 1, 50, 1, 1, 1, 1, 1, 5, 1, 41, 1, 1, 1, 1, 1, 6, 1, 30, 1, 1, 1, 1, 1, 2, 1, 3, 1, 1, 1, 1, 1, 5, 1, 4, 1, 1, 1, 1, 1, 5, 1, 4, 1, 1, 1, 1, 1, 5, 1, 16, 1, 1, 1, 1, 1, 5, 1, 18, 1, 1, 1, 1, 1, 2, 1, 1, 2, 1, 1, 9, 1, 1, 3, 1, 7, 1, 1, 1, 6, 1, 1, 1, 6, 1, 9, 1, 3, 1, 9, 1, 2, 1, 1, 11, 1, 1, 2, 1, 1, 2, 1, 1, 5, 1, 1, 8, 1, 1, 1, 1, 43, 5, 123, 211, 5, 5, 248, 106, 46, 3, 1, 2, 1, 6, 54, 7, 20, 7, 12, 1, 11, 1, 5, 24, 5, 5, 5, 8, 5, 5, 6, 5, 6, 3, 20, 20, 386, 6, 1, 2, 1, 5, 5, 28, 5, 5, 5, 5, 564, 5, 134, 5, 8, 5, 5, 5, 5, 22, 5, 5, 5, 5, 196, 5, 121, 5, 7, 1805, 793, 65344, 32307, 3, 1, 2, 1, 5, 5, 5, 67, 16, 2, 2, 13, 37, 21, 3, 1, 5, 1, 572, 5, 5, 5, 8, 5, 5, 5, 7, 32677, 2, 2, 7, 16, 7, 2507, 49, 5, 10, 23, 7, 27, 4, 7, 7, 7, 5, 22, 4, 4, 13, 13, 4, 10, 4, 16, 7, 13, 3, 1, 8, 1, 5, 5, 5, 6, 5, 5, 5, 5, 5, 8, 5, 5, 3, 20, 40, 1503, 3, 1, 1, 1, 7, 5, 4, 4, 9, 38, 9, 9, 9, 9, 9, 9, 9, 9, 9, 58, 9, 9, 9, 9, 9, 9, 9, 9, 9, 9, 9, 9, 9, 9, 58, 78, 9, 38, 9, 9, 9, 9, 9, 9, 9, 9, 9, 78, 9, 9, 9, 9, 3, ]

weight_list(after reduction): [1, 1, 1, 1, 1, 1, 2, 1, 3, 1, 1, 1, 1, 1, 5, 1, 6, 1, 1, 1, 1, 1, 5, 1, 6, 1, 1, 1, 1, 1, 5, 1, 4, 1, 1, 1, 1, 1, 5, 1, 40, 1, 1, 1, 1, 1, 5, 1, 64, 1, 1, 1, 1, 1, 6, 1, 56, 1, 1, 1, 1, 1, 5, 1, 47, 1, 1, 1, 1, 1, 6, 1, 38, 1, 1, 1, 1, 1, 2, 1, 3, 1, 1, 1, 1, 1, 5, 1, 6, 1, 1, 1, 1, 1, 5, 1, 6, 1, 1, 1, 1, 1, 5, 1, 4, 1, 1, 1, 1, 1, 5, 1, 42, 1, 1, 1, 1, 1, 5, 1, 64, 1, 1, 1, 1, 1, 6, 1, 56, 1, 1, 1, 1, 1, 5, 1, 47, 1, 1, 1, 1, 1, 6, 1, 38, 1, 1, 1, 1, 1, 2, 1, 20, 1, 1, 1, 1, 1, 5, 1, 69, 1, 1, 1, 1, 1, 5, 1, 51, 1, 1, 1, 1, 1, 5, 1, 42, 1, 1, 1, 1, 1, 2, 1, 3, 1, 1, 1, 1, 1, 5, 1, 4, 1, 1, 1, 1, 1, 5, 1, 4, 1, 1, 1, 1, 1, 5, 1, 16, 1, 1, 1, 1, 1, 5, 1, 18, 1, 1, 1, 1, 1, 5, 1, 58, 1, 1, 1, 1, 1, 6, 1, 50, 1, 1, 1, 1, 1, 5, 1, 41, 1, 1, 1, 1, 1, 6, 1, 30, 1, 1, 1, 1, 1, 2, 1, 3, 1, 1, 1, 1, 1, 5, 1, 4, 1, 1, 1, 1, 1, 5, 1, 4, 1, 1, 1, 1, 1, 5, 1, 16, 1, 1, 1, 1, 1, 5, 1, 18, 1, 1, 1, 1, 1, 5, 1, 58, 1, 1, 1, 1, 1, 6, 1, 50, 1, 1, 1, 1, 1, 5, 1, 41, 1, 1, 1, 1, 1, 6, 1, 30, 1, 1, 1, 1, 1, 2, 1, 3, 1, 1, 1, 1, 1, 5, 1, 4, 1, 1, 1, 1, 1, 5, 1, 4, 1, 1, 1, 1, 1, 5, 1, 16, 1, 1, 1, 1, 1, 5, 1, 18, 1, 1, 1, 1, 1, 1, 1, 1, 1, 1, 3, 1, 7, 1, 1, 1, 6, 1, 1, 1, 6, 1, 9, 1, 3, 1, 9, 1, 2, 1, 1, 11, 1, 1, 2, 1, 1, 2, 1, 1, 5, 1, 1, 8, 1, 1, 1, 43, 5, 123, 211, 248, 3, 1, 2, 1, 54, 12, 1, 11, 1, 24, 6, 1, 2, 1, 5, 5, 28, 5, 5, 5, 5, 564, 5, 134, 5, 8, 5, 5, 5, 5, 22, 5, 5, 5, 5, 196, 5, 121, 5, 7, 1805, 793, 32307, 3, 1, 2, 1, 5, 3, 1, 5, 1, 3, 1, 8, 1, 3, 1, 1, 4, ]

[Length of the list before reduction: 614]
[Length of the list after reduction: 473]
Sum of weight before reduction: 143321
Sum of weight after reduction: 38667
Token reduced: 104654
Average weight before reduction: 233.42182410423453
Average weight after reduction: 81.74841437632135
Number of tests: 13300
Time: 4599325 ms
***********************************************************************************************************************************************
weight_list(before reduction): [1, 1, 1, 2, 2, 3, 1, 5, 2, 3, 1, 5, 2, 3, 1, 3, 2, 3, 1, 39, 2, 3, 1, 63, 2, 4, 1, 55, 2, 3, 1, 46, 2, 4, 1, 37, 1, 1, 1, 2, 2, 3, 1, 5, 2, 3, 1, 5, 2, 3, 1, 3, 2, 3, 1, 41, 2, 3, 1, 63, 2, 4, 1, 55, 2, 3, 1, 46, 2, 4, 1, 37, 1, 1, 1, 19, 2, 3, 1, 68, 2, 3, 1, 50, 2, 3, 1, 41, 1, 1, 1, 2, 2, 3, 1, 3, 2, 3, 1, 3, 2, 3, 1, 15, 2, 3, 1, 17, 2, 3, 1, 57, 2, 4, 1, 49, 2, 3, 1, 40, 2, 4, 1, 29, 1, 1, 1, 2, 2, 3, 1, 3, 2, 3, 1, 3, 2, 3, 1, 15, 2, 3, 1, 17, 2, 3, 1, 57, 2, 4, 1, 49, 2, 3, 1, 40, 2, 4, 1, 29, 1, 1, 1, 2, 2, 3, 1, 3, 2, 3, 1, 3, 2, 3, 1, 15, 2, 3, 1, 17, 1, 1, 1, 1, 5, 1, 3, 3, 3, 3, 3, 3, 3, 1, 1, 1, 3, 3, 3, 1, 1, 2, 9, 1, 1, 1, 1, 2, 3, 2, 6, 1, 41, 1, 1, 3, 1, 1, 121, 1, 1, 209, 1, 247, 1, 2, 1, 1, 1, 1, 52, 1, 11, 1, 2, 9, 1, 22, 1, 5, 1, 1, 1, 1, 3, 1, 1, 3, 1, 1, 26, 1, 1, 3, 1, 1, 3, 1, 1, 3, 1, 1, 3, 1, 1, 562, 1, 1, 3, 1, 1, 132, 1, 1, 3, 1, 1, 6, 1, 1, 3, 1, 1, 3, 1, 1, 3, 1, 1, 3, 1, 1, 20, 1, 1, 3, 1, 1, 3, 1, 1, 3, 1, 1, 3, 1, 1, 194, 1, 1, 3, 1, 1, 119, 1, 1, 3, 1, 1, 5, 1, 15, 1, 1789, 1, 1, 791, 14, 1, 32292, 2, 1, 1, 1, 1, 3, 1, 2, 1, 2, 3, 2, 1, 2, 6, 2, 1, 3, 1, ]

weight_list(after reduction): [1, 1, 2, 2, 3, 1, 5, 2, 3, 1, 5, 2, 3, 1, 3, 2, 3, 1, 39, 2, 3, 1, 63, 2, 4, 1, 55, 2, 3, 1, 46, 2, 4, 1, 37, 1, 1, 2, 2, 3, 1, 5, 2, 3, 1, 5, 2, 3, 1, 3, 2, 3, 1, 41, 2, 3, 1, 63, 2, 4, 1, 55, 2, 3, 1, 46, 2, 4, 1, 37, 1, 1, 19, 2, 3, 1, 68, 2, 3, 1, 50, 2, 3, 1, 41, 1, 1, 2, 2, 3, 1, 3, 2, 3, 1, 3, 2, 3, 1, 15, 2, 3, 1, 17, 2, 3, 1, 57, 2, 4, 1, 49, 2, 3, 1, 40, 2, 4, 1, 29, 1, 1, 2, 2, 3, 1, 3, 2, 3, 1, 3, 2, 3, 1, 15, 2, 3, 1, 17, 2, 3, 1, 57, 2, 4, 1, 49, 2, 3, 1, 40, 2, 4, 1, 29, 1, 1, 2, 2, 3, 1, 3, 2, 3, 1, 3, 2, 3, 1, 15, 2, 3, 1, 17, 1, 1, 1, 5, 1, 3, 3, 3, 3, 3, 3, 3, 1, 1, 1, 3, 3, 3, 1, 2, 9, 1, 1, 2, 3, 2, 6, 1, 41, 1, 1, 3, 1, 1, 121, 1, 1, 209, 1, 247, 1, 2, 1, 1, 1, 52, 1, 11, 1, 2, 9, 1, 22, 1, 5, 1, 1, 1, 3, 1, 1, 3, 1, 1, 26, 1, 1, 3, 1, 1, 3, 1, 1, 3, 1, 1, 3, 1, 1, 562, 1, 1, 3, 1, 1, 132, 1, 1, 3, 1, 1, 6, 1, 1, 3, 1, 1, 3, 1, 1, 3, 1, 1, 3, 1, 1, 20, 1, 1, 3, 1, 1, 3, 1, 1, 3, 1, 1, 3, 1, 1, 194, 1, 1, 3, 1, 1, 119, 1, 1, 3, 1, 1, 5, 1, 15, 1, 1789, 1, 1, 14, 1, 32292, 2, 1, 1, 1, 3, 1, 2, 1, 2, 3, 2, 1, 2, 6, 2, 1, 3, 1, ]

[Length of the list before reduction: 349]
[Length of the list after reduction: 335]
Sum of weight before reduction: 38348
Sum of weight after reduction: 37544
Token reduced: 804
Average weight before reduction: 109.87965616045845
Average weight after reduction: 112.07164179104478
Number of tests: 3249
Time: 521407 ms
***********************************************************************************************************************************************
weight_list(before reduction): [1, 1, 1, 1, 1, 2, 4, 1, 1, 1, 1, 2, 4, 1, 1, 1, 1, 2, 1, 2, 1, 1, 1, 2, 27, 12, 1, 1, 1, 2, 46, 17, 1, 1, 1, 3, 37, 18, 1, 1, 1, 2, 29, 17, 1, 1, 1, 3, 19, 18, 1, 1, 1, 1, 1, 2, 4, 1, 1, 1, 1, 2, 4, 1, 1, 1, 1, 2, 1, 2, 1, 1, 1, 2, 29, 12, 1, 1, 1, 2, 46, 17, 1, 1, 1, 3, 37, 18, 1, 1, 1, 2, 29, 17, 1, 1, 1, 3, 19, 18, 10, 9, 1, 1, 1, 2, 56, 12, 1, 1, 1, 2, 38, 12, 1, 1, 1, 2, 29, 12, 1, 1, 1, 1, 1, 2, 1, 2, 1, 1, 1, 2, 1, 2, 1, 1, 1, 2, 7, 8, 1, 1, 1, 2, 5, 12, 1, 1, 1, 2, 40, 17, 1, 1, 1, 3, 31, 18, 1, 1, 1, 2, 23, 17, 1, 1, 1, 3, 11, 18, 1, 1, 1, 1, 1, 2, 1, 2, 1, 1, 1, 2, 1, 2, 1, 1, 1, 2, 7, 8, 1, 1, 1, 2, 5, 12, 1, 1, 1, 2, 40, 17, 1, 1, 1, 3, 31, 18, 1, 1, 1, 2, 23, 17, 1, 1, 1, 3, 11, 18, 1, 1, 1, 1, 1, 2, 1, 2, 1, 1, 1, 2, 1, 2, 1, 1, 1, 2, 7, 8, 1, 1, 1, 2, 5, 12, 1, 4, 1, 1, 1, 1, 1, 1, 1, 1, 1, 1, 1, 1, 1, 1, 1, 1, 1, 1, 1, 1, 1, 1, 1, 1, 1, 1, 1, 1, 1, 1, 1, 1, 3, 3, 3, 1, 1, 1, 2, 1, 1, 3, 3, 7, 34, 1, 2, 7, 114, 7, 202, 10, 1, 236, 1, 1, 10, 42, 1, 10, 1, 1, 3, 3, 3, 4, 18, 1, 4, 1, 2, 1, 2, 4, 22, 1, 2, 1, 2, 1, 2, 1, 2, 10, 552, 1, 2, 10, 122, 1, 2, 1, 5, 1, 2, 1, 2, 1, 2, 1, 2, 4, 16, 1, 2, 1, 2, 1, 2, 1, 2, 10, 184, 1, 2, 7, 112, 1, 2, 1, 4, 1, 1, 13, 1, 1787, 1, 1, 1, 12, 1, 32290, 1, 1, 1, 1, 2, 1, 1, 1, 1, 1, 2, 1, 1, 1, 1, 3, 3, 1, 1, 1, 2, ]

weight_list(after reduction): [1, 1, 1, 1, 2, 4, 1, 1, 1, 1, 2, 4, 1, 1, 1, 1, 2, 1, 1, 1, 1, 2, 27, 12, 1, 1, 1, 2, 46, 1, 1, 1, 3, 37, 1, 1, 1, 2, 29, 1, 1, 1, 3, 19, 1, 1, 1, 1, 2, 4, 1, 1, 1, 1, 2, 4, 1, 1, 1, 1, 2, 1, 1, 1, 1, 2, 29, 1, 1, 1, 2, 46, 1, 1, 1, 3, 37, 1, 1, 1, 2, 29, 1, 1, 1, 3, 19, 10, 1, 1, 1, 2, 56, 1, 1, 1, 2, 38, 1, 1, 1, 2, 29, 1, 1, 1, 1, 2, 2, 1, 1, 1, 2, 2, 1, 1, 1, 2, 7, 1, 1, 1, 2, 5, 1, 1, 1, 2, 40, 1, 1, 1, 3, 31, 1, 1, 1, 2, 23, 1, 1, 1, 3, 11, 1, 1, 1, 1, 2, 2, 1, 1, 1, 2, 2, 1, 1, 1, 2, 7, 1, 1, 1, 2, 5, 1, 1, 1, 2, 40, 1, 1, 1, 3, 31, 1, 1, 1, 2, 23, 1, 1, 1, 3, 11, 1, 1, 1, 1, 2, 2, 1, 1, 1, 2, 2, 1, 1, 1, 2, 7, 1, 1, 1, 2, 5, 1, 4, 1, 1, 1, 1, 1, 1, 1, 1, 1, 1, 1, 1, 1, 1, 1, 1, 1, 1, 1, 1, 1, 1, 1, 1, 1, 1, 1, 1, 1, 1, 1, 3, 3, 3, 1, 1, 2, 1, 3, 3, 7, 34, 1, 7, 114, 7, 202, 10, 1, 236, 1, 1, 10, 42, 1, 10, 1, 1, 3, 3, 3, 4, 18, 1, 4, 1, 1, 4, 1, 1, 1, 2, 1, 10, 1, 10, 1, 1, 5, 1, 2, 1, 2, 1, 1, 2, 4, 1, 1, 1, 1, 10, 1, 7, 1, 2, 1, 4, 1, 1, 13, 1, 1787, 1, 1, 1, 12, 1, 32290, 1, 1, 1, 1, 2, 1, 1, 1, 1, 1, 2, 1, 1, 1, 1, 3, 3, 1, 1, 1, 2, ]

[Length of the list before reduction: 401]
[Length of the list after reduction: 338]
Sum of weight before reduction: 37401
Sum of weight after reduction: 35950
Token reduced: 1451
Average weight before reduction: 93.26932668329177
Average weight after reduction: 106.36094674556213
Number of tests: 10711
Time: 2058656 ms
***********************************************************************************************************************************************
weight_list(before reduction): [1, 1, 1, 3, 1, 1, 1, 3, 1, 1, 1, 1, 26, 1, 1, 5, 1, 5, 1, 1, 45, 1, 1, 1, 1, 36, 1, 1, 1, 28, 1, 1, 1, 1, 18, 1, 1, 1, 1, 3, 1, 1, 1, 3, 1, 1, 1, 1, 28, 1, 1, 1, 45, 1, 1, 1, 1, 36, 1, 1, 1, 28, 1, 1, 1, 1, 18, 1, 9, 1, 1, 1, 55, 1, 1, 1, 37, 1, 1, 1, 28, 1, 1, 1, 1, 1, 1, 1, 1, 1, 1, 1, 6, 1, 1, 1, 4, 1, 1, 1, 39, 1, 1, 1, 1, 30, 1, 1, 1, 22, 1, 1, 1, 1, 10, 1, 1, 1, 1, 1, 1, 1, 1, 1, 1, 1, 6, 1, 1, 1, 4, 1, 1, 1, 39, 1, 1, 1, 1, 30, 1, 1, 1, 22, 1, 1, 1, 1, 10, 1, 1, 1, 1, 1, 1, 1, 1, 1, 1, 1, 6, 1, 1, 1, 4, 1, 2, 2, 1, 2, 1, 2, 1, 2, 1, 1, 1, 2, 1, 2, 1, 6, 1, 33, 1, 6, 1, 113, 1, 6, 1, 201, 1, 9, 235, 1, 1, 9, 1, 41, 1, 9, 1, 2, 1, 2, 1, 2, 1, 3, 1, 17, 1, 3, 1, 3, 1, 1, 1, 9, 1, 9, 1, 4, 1, 1, 1, 1, 1, 1, 1, 3, 1, 9, 1, 6, 1, 1, 2, 2, 4, 5, 1, 3, 6, 29, 11, 221, 25, 22, 66, 7, 743, 7, 10, 7, 7, 7, 18, 44, 6, 4, 7, 7, 55, 7, 7, 15, 7, 7, 14, 7, 15, 4, 4, 67, 12, 44, 7, 4, 7, 7, 10, 66, 10, 16, 7, 7, 60, 7, 60, 4, 5, 1, 2, 5, 5, 5, 26, 5, 8, 8, 5, 5, 3, 115, 15692, 16408, 1, 1, 1, 1, 1, 2, 1, 2, 1, 1, ]

weight_list(after reduction): [1, 1, 1, 3, 1, 1, 1, 3, 1, 1, 1, 1, 26, 1, 1, 5, 1, 5, 1, 1, 45, 1, 1, 1, 36, 1, 1, 1, 28, 1, 1, 1, 18, 1, 1, 1, 1, 3, 1, 1, 1, 3, 1, 1, 1, 1, 28, 1, 1, 1, 45, 1, 1, 1, 36, 1, 1, 1, 28, 1, 1, 1, 18, 1, 9, 1, 1, 1, 55, 1, 1, 1, 37, 1, 1, 1, 28, 1, 1, 1, 1, 1, 1, 1, 1, 1, 6, 1, 1, 1, 4, 1, 1, 1, 39, 1, 1, 1, 30, 1, 1, 1, 22, 1, 1, 1, 10, 1, 1, 1, 1, 1, 1, 1, 1, 1, 6, 1, 1, 1, 4, 1, 1, 1, 39, 1, 1, 1, 30, 1, 1, 1, 22, 1, 1, 1, 10, 1, 1, 1, 1, 1, 1, 1, 1, 1, 6, 1, 1, 1, 4, 1, 2, 2, 1, 2, 1, 2, 1, 2, 1, 1, 2, 1, 2, 1, 6, 1, 33, 1, 6, 1, 113, 1, 6, 1, 201, 1, 9, 235, 1, 1, 9, 1, 41, 1, 9, 1, 2, 1, 2, 1, 2, 1, 3, 1, 17, 1, 3, 1, 3, 1, 1, 1, 9, 1, 9, 1, 4, 1, 1, 1, 1, 1, 1, 1, 3, 1, 9, 1, 6, 1, 1, 2, 2, 4, 1, 6, 29, 4, 5, 1, 2, 5, 5, 5, 26, 5, 8, 8, 5, 5, 115, 15692, 16408, 1, 1, 1, 1, 1, 2, 1, 2, 1, 1, ]

[Length of the list before reduction: 318]
[Length of the list after reduction: 255]
Sum of weight before reduction: 35736
Sum of weight after reduction: 33958
Token reduced: 1778
Average weight before reduction: 112.37735849056604
Average weight after reduction: 133.16862745098038
Number of tests: 3331
Time: 619479 ms
***********************************************************************************************************************************************
weight_list(before reduction): [1, 2, 1, 2, 1, 25, 4, 1, 4, 1, 1, 44, 1, 35, 1, 27, 1, 17, 1, 2, 1, 2, 1, 27, 1, 44, 1, 35, 1, 27, 1, 17, 1, 8, 1, 54, 1, 36, 1, 27, 1, 5, 1, 3, 1, 38, 1, 29, 1, 21, 1, 9, 1, 5, 1, 3, 1, 38, 1, 29, 1, 21, 1, 9, 1, 5, 1, 3, 1, 1, 1, 1, 1, 1, 1, 1, 1, 1, 1, 1, 1, 1, 3, 3, 1, 31, 1, 3, 3, 1, 111, 1, 3, 3, 1, 199, 1, 3, 3, 3, 1, 234, 3, 3, 3, 1, 39, 1, 3, 3, 3, 1, 1, 1, 1, 1, 1, 1, 1, 1, 1, 15, 1, 1, 1, 1, 1, 1, 1, 3, 3, 3, 3, 3, 3, 3, 1, 1, 1, 1, 3, 3, 3, 3, 3, 1, 1, 1, 1, 3, 1, 1, 1, 1, 1, 2, 1, 27, 1, 3, 1, 4, 1, 1, 1, 1, 3, 1, 1, 3, 1, 1, 3, 1, 1, 24, 1, 1, 3, 1, 1, 6, 1, 1, 6, 1, 1, 3, 1, 1, 3, 1, 114, 1, 17, 1, 15674, 15, 1, 16392, 1, 1, 1, 1, ]

weight_list(after reduction): [2, 2, 1, 25, 4, 1, 4, 1, 1, 44, 1, 35, 1, 27, 1, 17, 2, 2, 1, 27, 1, 44, 1, 35, 1, 27, 1, 17, 1, 8, 1, 54, 1, 36, 1, 27, 1, 5, 1, 3, 1, 38, 1, 29, 1, 21, 1, 9, 1, 5, 1, 3, 1, 38, 1, 29, 1, 21, 1, 9, 1, 5, 1, 3, 1, 1, 1, 1, 1, 1, 1, 1, 1, 3, 3, 1, 31, 1, 3, 3, 1, 111, 1, 3, 3, 1, 199, 1, 3, 3, 3, 1, 234, 3, 3, 3, 1, 39, 1, 3, 3, 3, 1, 1, 1, 1, 1, 1, 1, 1, 1, 15, 1, 1, 1, 1, 1, 1, 1, 3, 3, 3, 3, 3, 3, 3, 1, 1, 1, 1, 3, 3, 3, 3, 3, 1, 1, 1, 1, 3, 1, 1, 1, 1, 1, 2, 1, 27, 1, 3, 1, 4, 1, 1, 1, 1, 3, 1, 1, 3, 1, 1, 3, 1, 1, 24, 1, 1, 3, 1, 1, 6, 1, 1, 6, 1, 1, 3, 1, 1, 3, 1, 114, 1, 17, 1, 15674, 15, 1, 16392, 1, 1, 1, 1, ]

[Length of the list before reduction: 204]
[Length of the list after reduction: 194]
Sum of weight before reduction: 33790
Sum of weight after reduction: 33780
Token reduced: 10
Average weight before reduction: 165.63725490196077
Average weight after reduction: 174.1237113402062
Number of tests: 1359
Time: 231110 ms
***********************************************************************************************************************************************
weight_list(before reduction): [1, 1, 1, 1, 5, 20, 1, 3, 1, 3, 5, 39, 5, 30, 5, 22, 5, 12, 1, 1, 1, 1, 5, 22, 5, 39, 5, 30, 5, 22, 5, 12, 1, 7, 25, 29, 34, 2, 5, 22, 1, 2, 1, 1, 1, 2, 10, 28, 11, 18, 10, 11, 7, 2, 1, 2, 1, 1, 1, 2, 10, 28, 11, 18, 10, 11, 7, 2, 1, 2, 1, 1, 1, 2, 1, 1, 1, 1, 1, 1, 7, 24, 1, 1, 1, 1, 1, 1, 13, 98, 1, 1, 1, 1, 1, 1, 19, 180, 1, 1, 1, 1, 1, 1, 1, 1, 1, 1, 233, 1, 1, 1, 1, 1, 1, 1, 1, 1, 7, 32, 1, 1, 1, 1, 1, 1, 1, 1, 1, 1, 14, 1, 1, 1, 1, 1, 1, 1, 1, 1, 1, 1, 1, 1, 1, 1, 1, 1, 1, 1, 2, 1, 1, 1, 1, 1, 1, 1, 1, 1, 1, 1, 1, 1, 1, 1, 1, 1, 1, 1, 1, 7, 20, 1, 1, 1, 1, 3, 1, 2, 1, 2, 1, 2, 4, 20, 1, 2, 1, 5, 1, 5, 1, 2, 1, 2, 1, 1, 112, 1, 1, 15, 1, 15672, 1, 1, 1, 13, 1, 16390, 1, ]

weight_list(after reduction): [1, 1, 5, 1, 3, 1, 3, 5, 5, 5, 5, 1, 1, 5, 5, 5, 5, 5, 1, 25, 34, 5, 1, 2, 1, 1, 1, 10, 11, 10, 7, 1, 2, 1, 1, 1, 10, 11, 10, 7, 1, 2, 1, 1, 1, 1, 1, 1, 1, 1, 7, 24, 1, 1, 1, 1, 1, 13, 98, 1, 1, 1, 1, 1, 19, 180, 1, 1, 1, 1, 1, 1, 1, 1, 1, 233, 1, 1, 1, 1, 1, 1, 1, 1, 7, 32, 1, 1, 1, 1, 1, 1, 1, 1, 1, 1, 14, 1, 1, 1, 1, 1, 1, 1, 1, 1, 1, 1, 1, 1, 1, 1, 1, 1, 1, 1, 2, 1, 1, 1, 1, 1, 1, 1, 1, 1, 1, 1, 1, 1, 1, 1, 1, 1, 1, 1, 1, 20, 1, 1, 1, 1, 3, 1, 2, 1, 1, 2, 4, 1, 1, 5, 1, 1, 1, 1, 1, 112, 1, 1, 15, 1, 1, 1, 1, 13, 1, 16390, 1, ]

[Length of the list before reduction: 211]
[Length of the list after reduction: 169]
Sum of weight before reduction: 33672
Sum of weight after reduction: 17519
Token reduced: 16153
Average weight before reduction: 159.5829383886256
Average weight after reduction: 103.66272189349112
Number of tests: 2606
Time: 426491 ms
***********************************************************************************************************************************************
weight_list(before reduction): [4, 1, 2, 1, 1, 2, 4, 1, 4, 1, 4, 1, 4, 1, 4, 1, 4, 1, 4, 1, 4, 1, 4, 1, 24, 1, 33, 1, 4, 1, 1, 1, 9, 1, 10, 1, 9, 1, 6, 1, 1, 1, 9, 1, 10, 1, 9, 1, 6, 1, 1, 1, 1, 5, 1, 8, 8, 8, 1, 11, 1, 14, 14, 14, 14, 14, 14, 14, 1, 17, 1, 20, 20, 20, 20, 20, 20, 20, 20, 20, 1, 231, 1, 1, 5, 1, 8, 8, 8, 8, 2, 2, 2, 2, 2, 2, 2, 1, 1, 19, 1, 1, 2, 1, 1, 1, 1, 1, 3, 1, 4, 111, 1, 4, 8, 1, 2, 4, 5, 1, 3, 5, 5, 28, 5, 5, 5, 5, 626, 450, 7, 15218, 9, 2, 7, 13, ]

weight_list(after reduction): [4, 1, 2, 1, 1, 2, 4, 1, 4, 1, 4, 1, 4, 1, 4, 1, 4, 1, 4, 1, 4, 1, 4, 1, 24, 1, 33, 1, 4, 1, 1, 9, 1, 10, 1, 9, 1, 6, 1, 1, 9, 1, 10, 1, 9, 1, 6, 1, 1, 1, 5, 1, 8, 1, 11, 1, 14, 14, 14, 14, 14, 14, 14, 1, 17, 1, 20, 20, 20, 20, 20, 20, 20, 1, 231, 1, 1, 5, 1, 8, 8, 8, 2, 2, 1, 19, 1, 1, 2, 1, 1, 1, 1, 1, 3, 1, 4, 111, 1, 4, 8, 1, 4, 5, 1, 3, 5, 5, 626, 15218, ]

[Length of the list before reduction: 136]
[Length of the list after reduction: 110]
Sum of weight before reduction: 17397
Sum of weight after reduction: 16781
Token reduced: 616
Average weight before reduction: 127.91911764705883
Average weight after reduction: 152.55454545454546
Number of tests: 1220
Time: 402331 ms
***********************************************************************************************************************************************
weight_list(before reduction): [1, 3, 1, 1, 1, 1, 1, 3, 1, 3, 1, 3, 1, 3, 1, 3, 1, 3, 1, 3, 1, 3, 1, 3, 1, 23, 1, 32, 1, 3, 1, 8, 1, 9, 1, 8, 1, 5, 1, 8, 1, 9, 1, 8, 1, 5, 1, 4, 1, 7, 1, 10, 1, 13, 1, 13, 1, 13, 1, 13, 1, 13, 1, 13, 1, 13, 1, 16, 1, 19, 1, 19, 1, 19, 1, 19, 1, 19, 1, 19, 1, 19, 229, 2, 1, 3, 1, 1, 7, 1, 7, 1, 7, 1, 1, 1, 1, 1, 18, 1, 1, 1, 1, 1, 3, 1, 1, 110, 3, 1, 7, 1, 3, 1, 4, 1, 1, 1, 1, 1, 3, 1, 1, 3, 1, 1, 624, 1, 15, 1, 15202, ]

weight_list(after reduction): [1, 3, 1, 1, 1, 1, 1, 3, 1, 3, 1, 3, 1, 3, 1, 3, 1, 3, 1, 3, 1, 3, 1, 3, 1, 23, 1, 32, 1, 3, 1, 8, 1, 9, 1, 8, 1, 5, 1, 8, 1, 9, 1, 8, 1, 5, 1, 1, 7, 1, 1, 13, 1, 13, 1, 13, 1, 13, 1, 13, 1, 13, 1, 13, 1, 1, 19, 1, 19, 1, 19, 1, 19, 1, 19, 1, 19, 1, 19, 229, 1, 3, 1, 1, 7, 1, 7, 1, 7, 1, 1, 1, 1, 1, 18, 1, 1, 1, 1, 1, 3, 1, 1, 110, 3, 1, 7, 1, 1, 4, 1, 1, 1, 1, 1, 3, 1, 1, 3, 1, 1, 624, 1, 15, 1, 15202, ]

[Length of the list before reduction: 131]
[Length of the list after reduction: 126]
Sum of weight before reduction: 16733
Sum of weight after reduction: 16698
Token reduced: 35
Average weight before reduction: 127.73282442748092
Average weight after reduction: 132.52380952380952
Number of tests: 852
Time: 147022 ms
***********************************************************************************************************************************************
weight_list(before reduction): [1, 2, 1, 2, 1, 2, 1, 2, 1, 2, 1, 2, 1, 2, 1, 2, 1, 2, 1, 2, 5, 18, 5, 27, 1, 2, 6, 2, 7, 2, 6, 2, 1, 2, 1, 1, 6, 2, 7, 2, 6, 2, 1, 2, 1, 1, 1, 5, 1, 1, 11, 1, 1, 11, 1, 1, 11, 1, 1, 11, 1, 1, 11, 1, 1, 11, 1, 1, 11, 1, 1, 17, 1, 1, 17, 1, 1, 17, 1, 1, 17, 1, 1, 17, 1, 1, 17, 1, 1, 17, 1, 228, 1, 1, 2, 1, 5, 1, 1, 5, 1, 1, 5, 1, 1, 17, 1, 2, 1, 109, 1, 1, 1, 1, 6, 1, 3, 1, 2, 1, 2, 10, 614, 1, 1, 13, 1, 15200, 1, ]

weight_list(after reduction): [1, 2, 1, 1, 1, 1, 1, 1, 1, 1, 1, 5, 5, 1, 6, 7, 6, 1, 2, 1, 1, 6, 7, 6, 1, 1, 5, 1, 1, 11, 1, 1, 11, 1, 1, 11, 1, 1, 11, 1, 1, 11, 1, 1, 11, 1, 1, 11, 1, 1, 17, 1, 1, 17, 1, 1, 17, 1, 1, 17, 1, 1, 17, 1, 1, 17, 1, 1, 17, 1, 228, 1, 1, 1, 5, 1, 1, 5, 1, 1, 5, 1, 1, 17, 1, 2, 109, 1, 1, 1, 1, 6, 1, 3, 1, 2, 1, 10, 1, 1, 13, 1, 15200, 1, ]

[Length of the list before reduction: 129]
[Length of the list after reduction: 104]
Sum of weight before reduction: 16624
Sum of weight after reduction: 15924
Token reduced: 700
Average weight before reduction: 128.86821705426357
Average weight after reduction: 153.1153846153846
Number of tests: 1034
Time: 146052 ms
***********************************************************************************************************************************************
weight_list(before reduction): [1, 1, 4, 1, 4, 1, 5, 1, 6, 1, 5, 1, 1, 1, 5, 1, 6, 1, 5, 1, 1, 4, 1, 10, 1, 10, 1, 10, 1, 10, 1, 10, 1, 10, 1, 10, 1, 16, 1, 16, 1, 16, 1, 16, 1, 16, 1, 16, 1, 16, 1, 227, 1, 3, 1, 1, 3, 1, 1, 3, 1, 7, 7, 3, 1, 1, 108, 1, 1, 5, 1, 2, 1, 1, 1, 9, 4, 5, 1, 3, 5, 5, 3, 15187, ]

weight_list(after reduction): [1, 1, 4, 1, 4, 1, 5, 1, 6, 1, 5, 1, 1, 5, 1, 6, 1, 5, 1, 1, 1, 1, 1, 1, 1, 1, 1, 1, 1, 1, 1, 1, 1, 1, 1, 227, 1, 3, 1, 1, 3, 1, 1, 3, 1, 7, 7, 3, 1, 108, 1, 1, 1, 2, 1, 1, 1, 9, 4, 5, 1, 3, 5, 5, 15187, ]

[Length of the list before reduction: 84]
[Length of the list after reduction: 65]
Sum of weight before reduction: 15858
Sum of weight after reduction: 15662
Token reduced: 196
Average weight before reduction: 188.78571428571428
Average weight after reduction: 240.95384615384614
Number of tests: 874
Time: 200650 ms
***********************************************************************************************************************************************
weight_list(before reduction): [1, 3, 1, 3, 1, 4, 1, 5, 1, 4, 1, 4, 1, 5, 1, 4, 225, 2, 1, 2, 1, 2, 1, 2, 1, 5, 1, 1, 5, 1, 1, 1, 1, 1, 107, 1, 1, 3, 3, 3, 3, 1, 4, 1, 1, 1, 1, 1, 3, 1, 1, 3, 1, 1, 1, 4, 1, 15013, 167, ]

weight_list(after reduction): [1, 3, 1, 3, 1, 4, 1, 5, 1, 4, 1, 4, 1, 5, 1, 4, 225, 1, 1, 1, 1, 5, 1, 1, 5, 1, 1, 1, 1, 1, 107, 1, 1, 3, 3, 3, 3, 1, 4, 1, 1, 1, 1, 1, 3, 1, 1, 3, 1, 1, 1, 4, 1, 15013, 167, ]

[Length of the list before reduction: 59]
[Length of the list after reduction: 55]
Sum of weight before reduction: 15621
Sum of weight after reduction: 15613
Token reduced: 8
Average weight before reduction: 264.76271186440675
Average weight after reduction: 283.8727272727273
Number of tests: 308
Time: 62140 ms
***********************************************************************************************************************************************
weight_list(before reduction): [1, 2, 1, 2, 1, 1, 1, 1, 1, 2, 1, 1, 1, 1, 1, 1, 1, 1, 1, 1, 1, 2, 1, 1, 1, 1, 1, 1, 1, 224, 4, 1, 4, 1, 1, 106, 1, 1, 1, 1, 1, 1, 1, 1, 1, 1, 1, 1, 1, 3, 1, 2, 1, 2, 1, 3, 1, 15011, 1, 1, 166, ]

weight_list(after reduction): [1, 1, 1, 1, 1, 1, 1, 2, 1, 1, 1, 1, 1, 1, 1, 1, 1, 1, 1, 2, 1, 1, 1, 1, 1, 1, 224, 4, 1, 4, 1, 106, 1, 1, 1, 1, 1, 1, 1, 1, 1, 1, 1, 1, 1, 3, 1, 1, 2, 1, 3, 1, 15011, 1, 1, 166, ]

[Length of the list before reduction: 61]
[Length of the list after reduction: 56]
Sum of weight before reduction: 15580
Sum of weight after reduction: 15572
Token reduced: 8
Average weight before reduction: 255.40983606557376
Average weight after reduction: 278.07142857142856
Number of tests: 347
Time: 34653 ms
***********************************************************************************************************************************************
weight_list(before reduction): [1, 1, 1, 1, 1, 222, 1, 1, 3, 1, 3, 1, 104, 1, 1, 2, 1, 1, 1, 1, 1, 179, 20, 5, 112, 194, 14501, 1, 164, 1, ]

weight_list(after reduction): [1, 1, 1, 222, 1, 1, 3, 1, 3, 1, 104, 1, 1, 2, 1, 1, 1, 1, 1, 179, 194, 1, 164, 1, ]

[Length of the list before reduction: 30]
[Length of the list after reduction: 24]
Sum of weight before reduction: 15527
Sum of weight after reduction: 887
Token reduced: 14640
Average weight before reduction: 517.5666666666667
Average weight after reduction: 36.958333333333336
Number of tests: 163
Time: 26278 ms
***********************************************************************************************************************************************
weight_list(before reduction): [221, 1, 1, 2, 1, 2, 23, 81, 1, 1, 1, 177, 1, 193, 1, 5, 6, 3, 4, 2, 2, 7, 23, 2, 84, 2, 2, 2, 2, 16, 2, ]

weight_list(after reduction): [221, 1, 1, 2, 1, 2, 23, 1, 1, 1, 177, 1, 193, 1, 4, ]

[Length of the list before reduction: 31]
[Length of the list after reduction: 15]
Sum of weight before reduction: 871
Sum of weight after reduction: 630
Token reduced: 241
Average weight before reduction: 28.096774193548388
Average weight after reduction: 42.0
Number of tests: 126
Time: 26708 ms
***********************************************************************************************************************************************
weight_list(before reduction): [1, 220, 1, 1, 1, 1, 22, 1, 7, 170, 1, 1, 191, 3, 1, ]

weight_list(after reduction): [1, 220, 1, 1, 1, 1, 22, 1, 7, 170, 1, 1, 191, 3, 1, ]

No node is deleted.
Number of tests: 54
Time: 3483 ms
***********************************************************************************************************************************************
weight_list(before reduction): [218, 2, 1, 21, 1, 6, 1, 169, 190, 1, 1, 1, 1, ]

weight_list(after reduction): [218, 1, 21, 1, 6, 1, 169, 190, 1, 1, 1, 1, ]

[Length of the list before reduction: 13]
[Length of the list after reduction: 12]
Sum of weight before reduction: 613
Sum of weight after reduction: 611
Token reduced: 2
Average weight before reduction: 47.15384615384615
Average weight after reduction: 50.916666666666664
Number of tests: 49
Time: 3490 ms
***********************************************************************************************************************************************
weight_list(before reduction): [217, 1, 1, 1, 19, 3, 3, 1, 167, 1, 1, 189, ]

weight_list(after reduction): [217, 1, 1, 1, 19, 3, 3, 1, 167, 1, 1, 189, ]

No node is deleted.
Number of tests: 42
Time: 1730 ms
***********************************************************************************************************************************************
weight_list(before reduction): [1, 216, 18, 1, 1, 1, 1, 1, 1, 1, 27, 140, 1, 188, ]

weight_list(after reduction): [1, 216, 18, 1, 1, 1, 1, 1, 1, 27, 140, 188, ]

[Length of the list before reduction: 14]
[Length of the list after reduction: 12]
Sum of weight before reduction: 598
Sum of weight after reduction: 596
Token reduced: 2
Average weight before reduction: 42.714285714285715
Average weight after reduction: 49.666666666666664
Number of tests: 61
Time: 4986 ms
***********************************************************************************************************************************************
weight_list(before reduction): [208, 8, 1, 17, 1, 25, 1, 28, 28, 28, 28, 28, 1, 186, 1, ]

weight_list(after reduction): [208, 1, 17, 1, 25, 1, 28, 28, 28, 28, 28, 1, 186, 1, ]

[Length of the list before reduction: 15]
[Length of the list after reduction: 14]
Sum of weight before reduction: 589
Sum of weight after reduction: 581
Token reduced: 8
Average weight before reduction: 39.266666666666666
Average weight after reduction: 41.5
Number of tests: 55
Time: 4141 ms
***********************************************************************************************************************************************
weight_list(before reduction): [207, 1, 15, 2, 1, 24, 1, 27, 1, 27, 1, 27, 1, 27, 1, 27, 10, 176, ]

weight_list(after reduction): [207, 1, 15, 2, 1, 1, 27, 1, 27, 1, 27, 1, 27, 1, 27, 10, 176, ]

[Length of the list before reduction: 18]
[Length of the list after reduction: 17]
Sum of weight before reduction: 576
Sum of weight after reduction: 552
Token reduced: 24
Average weight before reduction: 32.0
Average weight after reduction: 32.470588235294116
Number of tests: 69
Time: 5692 ms
***********************************************************************************************************************************************
weight_list(before reduction): [1, 206, 14, 1, 1, 1, 1, 25, 1, 1, 25, 1, 1, 25, 1, 1, 25, 1, 1, 25, 1, 1, 9, 1, 175, ]

weight_list(after reduction): [1, 206, 14, 1, 1, 1, 1, 25, 1, 1, 25, 1, 1, 25, 1, 1, 25, 1, 1, 25, 1, 1, 1, 175, ]

[Length of the list before reduction: 25]
[Length of the list after reduction: 24]
Sum of weight before reduction: 545
Sum of weight after reduction: 536
Token reduced: 9
Average weight before reduction: 21.8
Average weight after reduction: 22.333333333333332
Number of tests: 107
Time: 6823 ms
***********************************************************************************************************************************************
weight_list(before reduction): [198, 8, 1, 13, 1, 24, 1, 24, 1, 24, 1, 24, 1, 24, 174, 1, ]

weight_list(after reduction): [198, 1, 13, 1, 1, 1, 1, 1, 174, 1, ]

[Length of the list before reduction: 16]
[Length of the list after reduction: 10]
Sum of weight before reduction: 520
Sum of weight after reduction: 392
Token reduced: 128
Average weight before reduction: 32.5
Average weight after reduction: 39.2
Number of tests: 88
Time: 13974 ms
***********************************************************************************************************************************************
weight_list(before reduction): [197, 1, 11, 2, 1, 173, ]

weight_list(after reduction): [197, 1, 11, 1, 173, ]

[Length of the list before reduction: 6]
[Length of the list after reduction: 5]
Sum of weight before reduction: 385
Sum of weight after reduction: 383
Token reduced: 2
Average weight before reduction: 64.16666666666667
Average weight after reduction: 76.6
Number of tests: 22
Time: 2126 ms
***********************************************************************************************************************************************
weight_list(before reduction): [1, 196, 10, 1, 1, 172, ]

weight_list(after reduction): [1, 196, 10, 1, 1, 172, ]

No node is deleted.
Number of tests: 18
Time: 932 ms
***********************************************************************************************************************************************
weight_list(before reduction): [1, 195, 1, 9, 1, 170, 1, ]

weight_list(after reduction): [1, 195, 1, 9, 1, 170, 1, ]

No node is deleted.
Number of tests: 22
Time: 1003 ms
***********************************************************************************************************************************************
weight_list(before reduction): [1, 194, 1, 1, 7, 168, 2, ]

weight_list(after reduction): [1, 194, 1, 1, 7, 168, 2, ]

No node is deleted.
Number of tests: 22
Time: 1877 ms
***********************************************************************************************************************************************
weight_list(before reduction): [1, 193, 1, 6, 167, 1, 1, 1, ]

weight_list(after reduction): [193, 1, 6, 167, 1, 1, 1, ]

[Length of the list before reduction: 8]
[Length of the list after reduction: 7]
Sum of weight before reduction: 371
Sum of weight after reduction: 370
Token reduced: 1
Average weight before reduction: 46.375
Average weight after reduction: 52.857142857142854
Number of tests: 25
Time: 2228 ms
***********************************************************************************************************************************************
weight_list(before reduction): [1, 191, 1, 3, 3, 1, 166, ]

weight_list(after reduction): [1, 191, 1, 3, 3, 1, 166, ]

No node is deleted.
Number of tests: 22
Time: 680 ms
***********************************************************************************************************************************************
weight_list(before reduction): [167, 24, 1, 1, 1, 1, 1, 1, 164, 2, ]

weight_list(after reduction): [167, 24, 1, 1, 1, 1, 1, 1, 164, ]

[Length of the list before reduction: 10]
[Length of the list after reduction: 9]
Sum of weight before reduction: 363
Sum of weight after reduction: 361
Token reduced: 2
Average weight before reduction: 36.3
Average weight after reduction: 40.111111111111114
Number of tests: 40
Time: 3072 ms
***********************************************************************************************************************************************
weight_list(before reduction): [1, 166, 8, 8, 8, 163, 1, ]

weight_list(after reduction): [1, 166, 8, 163, 1, ]

[Length of the list before reduction: 7]
[Length of the list after reduction: 5]
Sum of weight before reduction: 355
Sum of weight after reduction: 339
Token reduced: 16
Average weight before reduction: 50.714285714285715
Average weight after reduction: 67.8
Number of tests: 18
Time: 3282 ms
***********************************************************************************************************************************************
weight_list(before reduction): [1, 164, 1, 1, 7, 1, 162, ]

weight_list(after reduction): [1, 164, 1, 1, 7, 1, 162, ]

No node is deleted.
Number of tests: 22
Time: 630 ms
***********************************************************************************************************************************************
weight_list(before reduction): [163, 1, 1, 6, 1, 161, ]

weight_list(after reduction): [163, 1, 1, 6, 161, ]

[Length of the list before reduction: 6]
[Length of the list after reduction: 5]
Sum of weight before reduction: 333
Sum of weight after reduction: 332
Token reduced: 1
Average weight before reduction: 55.5
Average weight after reduction: 66.4
Number of tests: 20
Time: 2138 ms
***********************************************************************************************************************************************
weight_list(before reduction): [1, 162, 3, 3, 160, 1, ]

weight_list(after reduction): [1, 162, 3, 3, 160, 1, ]

No node is deleted.
Number of tests: 18
Time: 594 ms
***********************************************************************************************************************************************
weight_list(before reduction): [1, 161, 1, 1, 1, 1, 1, 1, 1, 159, ]

weight_list(after reduction): [1, 1, 1, 1, 1, 1, 1, 1, 159, ]

[Length of the list before reduction: 10]
[Length of the list after reduction: 9]
Sum of weight before reduction: 328
Sum of weight after reduction: 167
Token reduced: 161
Average weight before reduction: 32.8
Average weight after reduction: 18.555555555555557
Number of tests: 40
Time: 2632 ms
***********************************************************************************************************************************************
weight_list(before reduction): [10, 1, 148, ]

weight_list(after reduction): [148, ]

[Length of the list before reduction: 3]
[Length of the list after reduction: 1]
Sum of weight before reduction: 159
Sum of weight after reduction: 148
Token reduced: 11
Average weight before reduction: 53.0
Average weight after reduction: 148.0
Number of tests: 2
Time: 1544 ms
***********************************************************************************************************************************************
weight_list(before reduction): [147, 1, ]

weight_list(after reduction): [147, 1, ]

No node is deleted.
Number of tests: 2
Time: 65 ms
***********************************************************************************************************************************************
weight_list(before reduction): [1, 146, ]

weight_list(after reduction): [1, 146, ]

No node is deleted.
Number of tests: 2
Time: 65 ms
***********************************************************************************************************************************************
weight_list(before reduction): [1, 145, ]

weight_list(after reduction): [145, ]

[Length of the list before reduction: 2]
[Length of the list after reduction: 1]
Sum of weight before reduction: 146
Sum of weight after reduction: 145
Token reduced: 1
Average weight before reduction: 73.0
Average weight after reduction: 145.0
Number of tests: 2
Time: 1559 ms
***********************************************************************************************************************************************
weight_list(before reduction): [1, 143, 1, ]

weight_list(after reduction): [143, ]

[Length of the list before reduction: 3]
[Length of the list after reduction: 1]
Sum of weight before reduction: 145
Sum of weight after reduction: 143
Token reduced: 2
Average weight before reduction: 48.333333333333336
Average weight after reduction: 143.0
Number of tests: 4
Time: 1600 ms
***********************************************************************************************************************************************
weight_list(before reduction): [141, 2, ]

weight_list(after reduction): [141, ]

[Length of the list before reduction: 2]
[Length of the list after reduction: 1]
Sum of weight before reduction: 143
Sum of weight after reduction: 141
Token reduced: 2
Average weight before reduction: 71.5
Average weight after reduction: 141.0
Number of tests: 1
Time: 1516 ms
***********************************************************************************************************************************************
weight_list(before reduction): [140, 1, ]

weight_list(after reduction): [140, 1, ]

No node is deleted.
Number of tests: 2
Time: 61 ms
***********************************************************************************************************************************************
weight_list(before reduction): [1, 139, ]

weight_list(after reduction): [1, 139, ]

No node is deleted.
Number of tests: 2
Time: 60 ms
***********************************************************************************************************************************************
weight_list(before reduction): [137, 2, ]

weight_list(after reduction): [137, ]

[Length of the list before reduction: 2]
[Length of the list after reduction: 1]
Sum of weight before reduction: 139
Sum of weight after reduction: 137
Token reduced: 2
Average weight before reduction: 69.5
Average weight after reduction: 137.0
Number of tests: 1
Time: 1479 ms
***********************************************************************************************************************************************
weight_list(before reduction): [136, 1, ]

weight_list(after reduction): [136, 1, ]

No node is deleted.
Number of tests: 2
Time: 60 ms
***********************************************************************************************************************************************
weight_list(before reduction): [1, 135, ]

weight_list(after reduction): [1, 135, ]

No node is deleted.
Number of tests: 2
Time: 60 ms
***********************************************************************************************************************************************
weight_list(before reduction): [1, 134, ]

weight_list(after reduction): [134, ]

[Length of the list before reduction: 2]
[Length of the list after reduction: 1]
Sum of weight before reduction: 135
Sum of weight after reduction: 134
Token reduced: 1
Average weight before reduction: 67.5
Average weight after reduction: 134.0
Number of tests: 2
Time: 1509 ms
***********************************************************************************************************************************************
weight_list(before reduction): [1, 132, 1, ]

weight_list(after reduction): [132, ]

[Length of the list before reduction: 3]
[Length of the list after reduction: 1]
Sum of weight before reduction: 134
Sum of weight after reduction: 132
Token reduced: 2
Average weight before reduction: 44.666666666666664
Average weight after reduction: 132.0
Number of tests: 4
Time: 1536 ms
***********************************************************************************************************************************************
weight_list(before reduction): [130, 2, ]

weight_list(after reduction): [130, ]

[Length of the list before reduction: 2]
[Length of the list after reduction: 1]
Sum of weight before reduction: 132
Sum of weight after reduction: 130
Token reduced: 2
Average weight before reduction: 66.0
Average weight after reduction: 130.0
Number of tests: 1
Time: 1467 ms
***********************************************************************************************************************************************
weight_list(before reduction): [129, 1, ]

weight_list(after reduction): [129, 1, ]

No node is deleted.
Number of tests: 2
Time: 65 ms
***********************************************************************************************************************************************
weight_list(before reduction): [1, 128, ]

weight_list(after reduction): [1, 128, ]

No node is deleted.
Number of tests: 2
Time: 57 ms
***********************************************************************************************************************************************
weight_list(before reduction): [126, 2, ]

weight_list(after reduction): [126, 2, ]

No node is deleted.
Number of tests: 2
Time: 450 ms
***********************************************************************************************************************************************
weight_list(before reduction): [125, 1, 1, 1, ]

weight_list(after reduction): [1, ]

[Length of the list before reduction: 4]
[Length of the list after reduction: 1]
Sum of weight before reduction: 128
Sum of weight after reduction: 1
Token reduced: 127
Average weight before reduction: 32.0
Average weight after reduction: 1.0
Number of tests: 6
Time: 2021 ms
***********************************************************************************************************************************************
weight_list(before reduction): [1886, ]

weight_list(after reduction): [1886, ]

No node is deleted.
Number of tests: 0
Time: 0 ms
***********************************************************************************************************************************************
weight_list(before reduction): [1886, ]

weight_list(after reduction): [1886, ]

No node is deleted.
Number of tests: 0
Time: 0 ms
***********************************************************************************************************************************************
weight_list(before reduction): [4, 4, 4, 4, 5, 4, 4, 6, 12, 18, 18, 16, 34, 20, 20, 20, 20, 12, 18, 18, 16, 20, 20, 20, 20, 20, 14, 22, 22, 20, 12, 16, 16, 21, 18, 25, 25, 25, 23, 12, 16, 16, 21, 18, 25, 25, 25, 20, 12, 16, 16, 21, 18, 3, 3, 6, 6, 6, 6, 3, 13, 3, 3, 6, 3, 3, 3, 3, 3, 3, 9, 3, 3, 3, 3, 3, 3, 5, 3, 3, 3, 3, 3, 3, 3, 9, 12, 3, 6, 3, 3, 3, 3, 3, 3, 4, 3, 3, 12, 3, 3, 3, 6, 12, 6, 6, 8, 10, 160, 56, 36, 425, 15, 14, 17, 10, ]

weight_list(after reduction): [4, 4, 4, 4, 5, 4, 34, 3, 13, 6, 3, 3, 3, 5, 3, 3, 9, 12, 3, 3, 4, 3, 3, 6, 160, 425, 10, ]

[Length of the list before reduction: 116]
[Length of the list after reduction: 27]
Sum of weight before reduction: 1886
Sum of weight after reduction: 739
Token reduced: 1147
Average weight before reduction: 16.25862068965517
Average weight after reduction: 27.37037037037037
Number of tests: 712
Time: 62145 ms
***********************************************************************************************************************************************
weight_list(before reduction): [3, 1, 3, 1, 3, 1, 3, 1, 4, 1, 3, 1, 1, 10, 23, 2, 1, 1, 11, 1, 2, 3, 1, 2, 1, 2, 1, 2, 1, 1, 3, 1, 2, 1, 2, 1, 1, 7, 1, 1, 10, 1, 2, 1, 2, 1, 3, 1, 2, 1, 2, 1, 2, 3, 1, 1, 3, 156, 2, 3, 420, 1, 3, 6, ]

weight_list(after reduction): [3, 1, 3, 1, 3, 1, 3, 1, 4, 1, 3, 1, 1, 10, 23, 2, 1, 1, 11, 1, 2, 3, 1, 2, 1, 2, 1, 2, 1, 1, 3, 1, 2, 1, 2, 1, 1, 7, 1, 1, 10, 1, 2, 1, 2, 1, 3, 1, 2, 1, 2, 1, 2, 3, 1, 1, 3, 156, 2, 3, 420, 1, 3, 6, ]

No node is deleted.
Number of tests: 250
Time: 6772 ms
***********************************************************************************************************************************************
weight_list(before reduction): [1, 1, 1, 1, 1, 1, 1, 1, 1, 1, 1, 1, 1, 1, 1, 1, 1, 1, 1, 3, 7, 1, 21, 1, 1, 1, 3, 8, 1, 1, 1, 2, 1, 1, 1, 1, 1, 1, 1, 2, 1, 1, 1, 1, 1, 6, 1, 9, 1, 1, 1, 1, 1, 1, 1, 1, 1, 1, 1, 1, 1, 1, 1, 1, 1, 2, 1, 154, 1, 1, 1, 1, 1, 1, 1, 418, 1, 1, 2, 1, 4, 1, ]

weight_list(after reduction): [1, 1, 1, 1, 1, 1, 1, 1, 1, 1, 1, 1, 1, 1, 1, 1, 1, 1, 3, 7, 1, 21, 1, 1, 1, 3, 8, 1, 1, 1, 2, 1, 1, 1, 1, 1, 1, 1, 2, 1, 1, 1, 1, 1, 6, 1, 9, 1, 1, 1, 1, 1, 1, 1, 1, 1, 1, 1, 1, 1, 1, 1, 1, 1, 2, 1, 154, 1, 1, 1, 1, 1, 1, 1, 418, 1, 1, 2, 1, 4, 1, ]

[Length of the list before reduction: 82]
[Length of the list after reduction: 81]
Sum of weight before reduction: 709
Sum of weight after reduction: 708
Token reduced: 1
Average weight before reduction: 8.646341463414634
Average weight after reduction: 8.74074074074074
Number of tests: 380
Time: 12241 ms
***********************************************************************************************************************************************
weight_list(before reduction): [1, 1, 1, 1, 5, 1, 20, 1, 1, 2, 1, 7, 1, 1, 1, 1, 3, 3, 3, 3, 3, 1, 1, 18, 3, 42, 42, 46, 3, 3, 3, 6, 3, 3, 5, 3, 12, 3, 12, 3, 7, 5, 5, 3, 5, 6, 3, 3, 3, 3, 12, 3, 9, 5, 7, 38, 242, 3, 1, 1, 3, 1, ]

weight_list(after reduction): [1, 1, 1, 1, 5, 1, 20, 1, 1, 2, 1, 7, 1, 1, 1, 1, 3, 3, 3, 3, 3, 1, 1, 18, 46, 3, 12, 3, 38, 242, 3, 1, 1, 3, 1, ]

[Length of the list before reduction: 62]
[Length of the list after reduction: 35]
Sum of weight before reduction: 641
Sum of weight after reduction: 434
Token reduced: 207
Average weight before reduction: 10.338709677419354
Average weight after reduction: 12.4
Number of tests: 359
Time: 27909 ms
***********************************************************************************************************************************************
weight_list(before reduction): [2, 3, 1, 19, 1, 1, 1, 5, 1, 1, 1, 1, 1, 1, 1, 1, 1, 1, 1, 1, 1, 1, 1, 1, 1, 16, 1, 45, 1, 2, 1, 1, 10, 1, 2, 1, 7, 1, 30, 1, 1, 240, 2, 1, 1, 2, ]

weight_list(after reduction): [2, 3, 1, 19, 1, 1, 1, 5, 1, 1, 1, 1, 1, 1, 1, 1, 1, 1, 1, 1, 1, 1, 1, 1, 1, 16, 1, 45, 1, 2, 1, 1, 10, 1, 2, 1, 7, 1, 30, 1, 1, 240, 2, 1, 1, 2, ]

No node is deleted.
Number of tests: 178
Time: 15509 ms
***********************************************************************************************************************************************
weight_list(before reduction): [1, 1, 1, 2, 7, 12, 1, 4, 6, 10, 10, 1, 34, 1, 1, 1, 9, 1, 1, 1, 1, 5, 1, 28, 1, 14, 1, 225, 1, 1, 1, 1, ]

weight_list(after reduction): [1, 1, 1, 2, 7, 12, 1, 4, 6, 10, 34, 1, 1, 1, 9, 1, 1, 1, 1, 5, 1, 28, 1, 14, 1, 225, 1, 1, 1, 1, ]

[Length of the list before reduction: 32]
[Length of the list after reduction: 30]
Sum of weight before reduction: 385
Sum of weight after reduction: 374
Token reduced: 11
Average weight before reduction: 12.03125
Average weight after reduction: 12.466666666666667
Number of tests: 122
Time: 14934 ms
***********************************************************************************************************************************************
weight_list(before reduction): [1, 1, 6, 1, 1, 5, 1, 5, 2, 2, 1, 5, 1, 9, 33, 1, 3, 3, 3, 4, 1, 6, 22, 1, 1, 12, 1, 223, 1, ]

weight_list(after reduction): [1, 1, 6, 1, 1, 5, 1, 5, 2, 2, 1, 5, 1, 9, 33, 1, 3, 3, 3, 4, 1, 6, 22, 1, 1, 12, 1, 223, 1, ]

No node is deleted.
Number of tests: 110
Time: 3280 ms
***********************************************************************************************************************************************
weight_list(before reduction): [1, 5, 4, 1, 4, 1, 1, 1, 1, 1, 2, 3, 1, 7, 1, 1, 32, 1, 1, 1, 1, 1, 1, 1, 1, 1, 3, 1, 1, 1, 1, 1, 2, 1, 20, 1, 4, 5, 1, 2, 5, 3, 5, 6, 3, 7, 3, 3, 3, 30, 13, 142, ]

weight_list(after reduction): [1, 5, 4, 1, 4, 1, 1, 1, 1, 1, 2, 3, 1, 7, 1, 1, 32, 1, 1, 1, 1, 1, 1, 1, 1, 1, 1, 1, 1, 1, 1, 2, 1, 20, 1, 4, 5, 1, 2, 5, 13, 142, ]

[Length of the list before reduction: 52]
[Length of the list after reduction: 42]
Sum of weight before reduction: 343
Sum of weight after reduction: 277
Token reduced: 66
Average weight before reduction: 6.596153846153846
Average weight after reduction: 6.595238095238095
Number of tests: 312
Time: 117214 ms
***********************************************************************************************************************************************
weight_list(before reduction): [4, 1, 1, 3, 1, 3, 1, 1, 1, 1, 1, 3, 4, 31, 1, 1, 1, 19, 1, 3, 1, 4, 1, 1, 1, 1, 3, 1, 10, 1, 2, 12, 1, 129, ]

weight_list(after reduction): [4, 1, 1, 3, 1, 3, 1, 1, 1, 1, 1, 3, 31, 1, 1, 1, 19, 1, 3, 1, 4, 1, 1, 1, 1, 3, 1, 10, 1, 2, 12, 1, 129, ]

[Length of the list before reduction: 34]
[Length of the list after reduction: 33]
Sum of weight before reduction: 250
Sum of weight after reduction: 246
Token reduced: 4
Average weight before reduction: 7.352941176470588
Average weight after reduction: 7.454545454545454
Number of tests: 139
Time: 15376 ms
***********************************************************************************************************************************************
weight_list(before reduction): [1, 3, 2, 1, 1, 2, 1, 1, 1, 1, 30, 1, 18, 1, 1, 1, 1, 3, 1, 2, 1, 1, 8, 1, 1, 1, 1, 10, 1, 127, 1, ]

weight_list(after reduction): [1, 3, 2, 1, 1, 2, 1, 1, 1, 1, 30, 1, 18, 1, 1, 1, 1, 3, 1, 2, 1, 1, 8, 1, 1, 1, 1, 10, 1, 127, 1, ]

No node is deleted.
Number of tests: 118
Time: 3565 ms
***********************************************************************************************************************************************
weight_list(before reduction): [1, 2, 1, 1, 1, 1, 29, 1, 1, 17, 1, 2, 1, 1, 4, 3, 1, 1, 5, 1, 3, 5, 3, 12, 107, ]

weight_list(after reduction): [1, 2, 1, 1, 1, 1, 29, 1, 1, 17, 1, 2, 1, 1, 4, 3, 1, 1, 5, 1, 3, 107, ]

[Length of the list before reduction: 25]
[Length of the list after reduction: 22]
Sum of weight before reduction: 205
Sum of weight after reduction: 185
Token reduced: 20
Average weight before reduction: 8.2
Average weight after reduction: 8.409090909090908
Number of tests: 130
Time: 48857 ms
***********************************************************************************************************************************************
weight_list(before reduction): [1, 1, 1, 28, 7, 7, 3, 1, 1, 3, 1, 2, 1, 4, 1, 1, 1, 1, 15, 1, 91, ]

weight_list(after reduction): [1, 1, 1, 28, 7, 7, 3, 1, 1, 3, 1, 2, 1, 4, 1, 1, 1, 1, 15, 1, 91, ]

No node is deleted.
Number of tests: 78
Time: 21893 ms
***********************************************************************************************************************************************
weight_list(before reduction): [27, 1, 1, 5, 1, 1, 5, 1, 1, 1, 1, 1, 1, 1, 1, 1, 1, 3, 1, 1, 13, 1, 89, 1, ]

weight_list(after reduction): [27, 1, 1, 5, 1, 1, 5, 1, 1, 1, 1, 1, 1, 1, 1, 1, 1, 3, 1, 1, 13, 1, 89, 1, ]

No node is deleted.
Number of tests: 90
Time: 2052 ms
***********************************************************************************************************************************************
weight_list(before reduction): [1, 26, 4, 1, 4, 1, 1, 2, 4, 5, 1, 3, 3, 5, 81, ]

weight_list(after reduction): [1, 26, 4, 1, 4, 1, 1, 2, 4, 5, 1, 3, 81, ]

[Length of the list before reduction: 15]
[Length of the list after reduction: 13]
Sum of weight before reduction: 142
Sum of weight after reduction: 134
Token reduced: 8
Average weight before reduction: 9.466666666666667
Average weight after reduction: 10.307692307692308
Number of tests: 55
Time: 13744 ms
***********************************************************************************************************************************************
weight_list(before reduction): [25, 1, 1, 3, 1, 3, 1, 1, 3, 1, 4, 1, 1, 1, 1, 1, 1, 4, 1, 67, 7, ]

weight_list(after reduction): [25, 1, 1, 3, 1, 3, 1, 1, 3, 1, 4, 1, 1, 1, 1, 1, 1, 4, 1, 67, ]

[Length of the list before reduction: 21]
[Length of the list after reduction: 20]
Sum of weight before reduction: 129
Sum of weight after reduction: 122
Token reduced: 7
Average weight before reduction: 6.142857142857143
Average weight after reduction: 6.1
Number of tests: 92
Time: 16516 ms
***********************************************************************************************************************************************
weight_list(before reduction): [1, 24, 1, 2, 1, 2, 1, 1, 1, 1, 3, 1, 3, 1, 65, 1, ]

weight_list(after reduction): [1, 24, 1, 2, 1, 1, 1, 1, 3, 1, 3, 1, 65, 1, ]

[Length of the list before reduction: 16]
[Length of the list after reduction: 14]
Sum of weight before reduction: 109
Sum of weight after reduction: 106
Token reduced: 3
Average weight before reduction: 6.8125
Average weight after reduction: 7.571428571428571
Number of tests: 63
Time: 6034 ms
***********************************************************************************************************************************************
weight_list(before reduction): [23, 1, 1, 1, 1, 2, 1, 1, 1, 34, 31, ]

weight_list(after reduction): [23, 1, 1, 1, 2, 1, 1, 1, 31, ]

[Length of the list before reduction: 11]
[Length of the list after reduction: 9]
Sum of weight before reduction: 97
Sum of weight after reduction: 62
Token reduced: 35
Average weight before reduction: 8.818181818181818
Average weight after reduction: 6.888888888888889
Number of tests: 48
Time: 5523 ms
***********************************************************************************************************************************************
weight_list(before reduction): [1, 22, 1, 1, 30, 1, ]

weight_list(after reduction): [1, 22, 1, 1, 30, 1, ]

No node is deleted.
Number of tests: 18
Time: 1220 ms
***********************************************************************************************************************************************
weight_list(before reduction): [21, 1, 1, 1, 28, ]

weight_list(after reduction): [21, 1, 1, 1, 28, ]

No node is deleted.
Number of tests: 14
Time: 832 ms
***********************************************************************************************************************************************
weight_list(before reduction): [1, 20, 27, 1, ]

weight_list(after reduction): [1, 20, 27, 1, ]

No node is deleted.
Number of tests: 10
Time: 172 ms
***********************************************************************************************************************************************
weight_list(before reduction): [19, 1, 1, 26, ]

weight_list(after reduction): [19, 1, 1, 26, ]

No node is deleted.
Number of tests: 10
Time: 175 ms
***********************************************************************************************************************************************
weight_list(before reduction): [1, 18, 25, 1, ]

weight_list(after reduction): [1, 18, 25, 1, ]

No node is deleted.
Number of tests: 10
Time: 179 ms
***********************************************************************************************************************************************
weight_list(before reduction): [1, 17, 1, 24, ]

weight_list(after reduction): [1, 17, 1, 24, ]

No node is deleted.
Number of tests: 10
Time: 454 ms
***********************************************************************************************************************************************
weight_list(before reduction): [1, 16, 1, 23, ]

weight_list(after reduction): [1, 16, 1, 23, ]

No node is deleted.
Number of tests: 10
Time: 481 ms
***********************************************************************************************************************************************
weight_list(before reduction): [15, 1, 1, 22, ]

weight_list(after reduction): [15, 1, 1, 22, ]

No node is deleted.
Number of tests: 10
Time: 188 ms
***********************************************************************************************************************************************
weight_list(before reduction): [1, 14, 21, 1, ]

weight_list(after reduction): [1, 14, 21, 1, ]

No node is deleted.
Number of tests: 10
Time: 180 ms
***********************************************************************************************************************************************
weight_list(before reduction): [6, 8, 1, 20, ]

weight_list(after reduction): [6, 1, 20, ]

[Length of the list before reduction: 4]
[Length of the list after reduction: 3]
Sum of weight before reduction: 35
Sum of weight after reduction: 27
Token reduced: 8
Average weight before reduction: 8.75
Average weight after reduction: 9.0
Number of tests: 10
Time: 1459 ms
***********************************************************************************************************************************************
weight_list(before reduction): [1, 5, 1, 19, ]

weight_list(after reduction): [1, 5, 1, 19, ]

No node is deleted.
Number of tests: 10
Time: 1282 ms
***********************************************************************************************************************************************
weight_list(before reduction): [1, 3, 1, 1, 17, 1, ]

weight_list(after reduction): [1, 3, 1, 1, 17, 1, ]

No node is deleted.
Number of tests: 18
Time: 403 ms
***********************************************************************************************************************************************
weight_list(before reduction): [2, 1, 15, 2, ]

weight_list(after reduction): [2, 1, 15, 2, ]

No node is deleted.
Number of tests: 10
Time: 210 ms
***********************************************************************************************************************************************
weight_list(before reduction): [1, 1, 14, 1, 1, 1, ]

weight_list(after reduction): [1, 1, 14, 1, 1, 1, ]

No node is deleted.
Number of tests: 18
Time: 368 ms
***********************************************************************************************************************************************
weight_list(before reduction): [1, 13, ]

weight_list(after reduction): [1, 13, ]

No node is deleted.
Number of tests: 2
Time: 40 ms
***********************************************************************************************************************************************
weight_list(before reduction): [12, 1, ]

weight_list(after reduction): [12, 1, ]

No node is deleted.
Number of tests: 2
Time: 41 ms
***********************************************************************************************************************************************
weight_list(before reduction): [1, 11, ]

weight_list(after reduction): [1, 11, ]

No node is deleted.
Number of tests: 2
Time: 41 ms
***********************************************************************************************************************************************
weight_list(before reduction): [10, 1, ]

weight_list(after reduction): [10, 1, ]

No node is deleted.
Number of tests: 2
Time: 45 ms
***********************************************************************************************************************************************
weight_list(before reduction): [1, 9, ]

weight_list(after reduction): [1, 9, ]

No node is deleted.
Number of tests: 2
Time: 43 ms
***********************************************************************************************************************************************
weight_list(before reduction): [8, 1, ]

weight_list(after reduction): [8, 1, ]

No node is deleted.
Number of tests: 2
Time: 39 ms
***********************************************************************************************************************************************
weight_list(before reduction): [1, 7, ]

weight_list(after reduction): [1, 7, ]

No node is deleted.
Number of tests: 2
Time: 37 ms
***********************************************************************************************************************************************
weight_list(before reduction): [6, 1, ]

weight_list(after reduction): [6, 1, ]

No node is deleted.
Number of tests: 2
Time: 38 ms
***********************************************************************************************************************************************
weight_list(before reduction): [1, 5, ]

weight_list(after reduction): [1, 5, ]

No node is deleted.
Number of tests: 2
Time: 37 ms
***********************************************************************************************************************************************
weight_list(before reduction): [4, 1, ]

weight_list(after reduction): [4, 1, ]

No node is deleted.
Number of tests: 2
Time: 42 ms
***********************************************************************************************************************************************
weight_list(before reduction): [1, 3, ]

weight_list(after reduction): [1, 3, ]

No node is deleted.
Number of tests: 2
Time: 41 ms
***********************************************************************************************************************************************
weight_list(before reduction): [2, 1, ]

weight_list(after reduction): [2, 1, ]

No node is deleted.
Number of tests: 2
Time: 41 ms
***********************************************************************************************************************************************
weight_list(before reduction): [1, 1, ]

weight_list(after reduction): [1, 1, ]

No node is deleted.
Number of tests: 2
Time: 43 ms
***********************************************************************************************************************************************
weight_list(before reduction): [369, ]

weight_list(after reduction): [369, ]

No node is deleted.
Number of tests: 0
Time: 0 ms
***********************************************************************************************************************************************
weight_list(before reduction): [369, ]

weight_list(after reduction): [369, ]

No node is deleted.
Number of tests: 0
Time: 0 ms
***********************************************************************************************************************************************
weight_list(before reduction): [4, 4, 4, 4, 4, 4, 34, 3, 13, 6, 3, 3, 3, 5, 3, 3, 9, 12, 3, 3, 4, 3, 3, 6, 50, 166, 10, ]

weight_list(after reduction): [4, 4, 4, 4, 4, 4, 34, 3, 13, 6, 3, 5, 3, 12, 3, 4, 3, 3, 6, 50, 166, 10, ]

[Length of the list before reduction: 27]
[Length of the list after reduction: 22]
Sum of weight before reduction: 369
Sum of weight after reduction: 348
Token reduced: 21
Average weight before reduction: 13.666666666666666
Average weight after reduction: 15.818181818181818
Number of tests: 146
Time: 8834 ms
***********************************************************************************************************************************************
weight_list(before reduction): [3, 1, 3, 1, 3, 1, 3, 1, 3, 1, 3, 1, 1, 10, 23, 2, 1, 1, 11, 1, 2, 3, 1, 2, 1, 1, 3, 1, 2, 1, 1, 10, 1, 2, 1, 3, 1, 2, 1, 2, 1, 2, 3, 1, 1, 3, 46, 2, 3, 161, 1, 3, 6, ]

weight_list(after reduction): [3, 1, 3, 1, 3, 1, 3, 1, 3, 1, 3, 1, 1, 10, 23, 2, 1, 1, 11, 1, 2, 3, 1, 2, 1, 1, 3, 1, 2, 1, 1, 10, 1, 2, 1, 3, 1, 2, 1, 2, 1, 2, 3, 1, 1, 3, 46, 2, 3, 161, 1, 3, 6, ]

No node is deleted.
Number of tests: 206
Time: 5390 ms
***********************************************************************************************************************************************
weight_list(before reduction): [1, 1, 1, 1, 1, 1, 1, 1, 1, 1, 1, 1, 1, 1, 1, 1, 1, 1, 3, 7, 1, 21, 1, 1, 1, 3, 8, 1, 1, 1, 2, 1, 1, 1, 2, 1, 1, 1, 9, 1, 1, 1, 1, 1, 1, 1, 1, 1, 1, 1, 1, 1, 1, 1, 2, 1, 44, 1, 1, 1, 1, 1, 1, 1, 159, 1, 1, 2, 1, 4, 1, ]

weight_list(after reduction): [1, 1, 1, 1, 1, 1, 1, 1, 1, 1, 1, 1, 1, 1, 1, 1, 1, 1, 3, 7, 1, 21, 1, 1, 1, 3, 8, 1, 1, 1, 2, 1, 1, 1, 2, 1, 1, 1, 1, 1, 1, 1, 1, 1, 1, 1, 1, 1, 1, 1, 1, 1, 1, 2, 1, 44, 1, 1, 1, 1, 1, 1, 1, 159, 1, 1, 2, 1, 4, 1, ]

[Length of the list before reduction: 71]
[Length of the list after reduction: 70]
Sum of weight before reduction: 324
Sum of weight after reduction: 315
Token reduced: 9
Average weight before reduction: 4.563380281690141
Average weight after reduction: 4.5
Number of tests: 308
Time: 10175 ms
***********************************************************************************************************************************************
weight_list(before reduction): [1, 1, 1, 1, 5, 1, 20, 1, 1, 2, 1, 7, 1, 1, 1, 1, 1, 1, 14, 27, 3, 12, 3, 31, 110, 3, 1, 1, 3, 1, ]

weight_list(after reduction): [1, 1, 1, 1, 5, 1, 20, 1, 1, 2, 1, 7, 1, 1, 1, 1, 1, 1, 27, 3, 12, 3, 31, 110, 3, 1, 1, 3, 1, ]

[Length of the list before reduction: 30]
[Length of the list after reduction: 29]
Sum of weight before reduction: 257
Sum of weight after reduction: 243
Token reduced: 14
Average weight before reduction: 8.566666666666666
Average weight after reduction: 8.379310344827585
Number of tests: 133
Time: 5569 ms
***********************************************************************************************************************************************
weight_list(before reduction): [2, 3, 1, 19, 1, 1, 1, 5, 1, 26, 1, 2, 1, 1, 10, 1, 2, 1, 4, 1, 26, 1, 1, 108, 2, 1, 1, 2, ]

weight_list(after reduction): [2, 3, 1, 19, 1, 1, 1, 5, 1, 26, 1, 2, 1, 1, 10, 1, 2, 1, 4, 1, 26, 1, 1, 108, 2, 1, 1, 2, ]

No node is deleted.
Number of tests: 106
Time: 12557 ms
***********************************************************************************************************************************************
weight_list(before reduction): [1, 1, 1, 2, 7, 12, 1, 4, 25, 1, 1, 1, 1, 9, 1, 1, 1, 1, 2, 1, 24, 1, 14, 1, 93, 1, 1, 1, 1, ]

weight_list(after reduction): [1, 1, 1, 2, 7, 12, 1, 4, 25, 1, 1, 1, 1, 9, 1, 1, 1, 1, 2, 1, 24, 1, 14, 1, 93, 1, 1, 1, 1, ]

No node is deleted.
Number of tests: 110
Time: 13757 ms
***********************************************************************************************************************************************
weight_list(before reduction): [1, 1, 6, 1, 1, 5, 1, 5, 2, 2, 1, 24, 3, 3, 3, 1, 1, 6, 18, 1, 1, 12, 1, 91, 1, ]

weight_list(after reduction): [1, 1, 6, 1, 1, 5, 1, 5, 2, 2, 1, 24, 3, 3, 3, 1, 1, 6, 18, 1, 1, 12, 1, 91, 1, ]

No node is deleted.
Number of tests: 94
Time: 2527 ms
***********************************************************************************************************************************************
weight_list(before reduction): [1, 5, 4, 1, 4, 1, 1, 1, 1, 1, 23, 1, 1, 1, 1, 1, 1, 1, 1, 1, 1, 1, 1, 1, 1, 2, 1, 16, 1, 4, 5, 1, 2, 5, 13, 73, ]

weight_list(after reduction): [1, 5, 4, 1, 4, 1, 1, 1, 1, 1, 23, 1, 1, 1, 1, 1, 1, 1, 1, 1, 1, 1, 1, 1, 1, 2, 1, 16, 1, 4, 5, 1, 2, 5, 13, 73, ]

No node is deleted.
Number of tests: 138
Time: 23674 ms
***********************************************************************************************************************************************
weight_list(before reduction): [4, 1, 1, 3, 1, 3, 1, 22, 1, 1, 15, 1, 3, 1, 4, 1, 1, 1, 1, 3, 1, 10, 1, 2, 12, 1, 60, ]

weight_list(after reduction): [4, 1, 1, 3, 1, 3, 1, 22, 1, 1, 15, 1, 3, 1, 4, 1, 1, 1, 1, 3, 1, 10, 1, 2, 12, 1, 60, ]

No node is deleted.
Number of tests: 102
Time: 53862 ms
***********************************************************************************************************************************************
weight_list(before reduction): [1, 3, 2, 1, 1, 2, 21, 1, 1, 14, 1, 1, 1, 1, 3, 1, 2, 1, 1, 8, 1, 1, 1, 1, 10, 1, 58, 1, ]

weight_list(after reduction): [1, 3, 2, 1, 1, 2, 21, 1, 1, 14, 1, 1, 1, 1, 3, 1, 2, 1, 1, 8, 1, 1, 1, 1, 10, 1, 58, 1, ]

No node is deleted.
Number of tests: 106
Time: 4570 ms
***********************************************************************************************************************************************
weight_list(before reduction): [1, 2, 1, 1, 1, 1, 1, 20, 1, 13, 1, 2, 1, 1, 4, 3, 1, 1, 5, 1, 3, 15, 1, 42, ]

weight_list(after reduction): [1, 2, 1, 1, 1, 1, 1, 20, 1, 13, 1, 2, 1, 1, 4, 3, 1, 1, 5, 1, 3, 15, 1, 42, ]

No node is deleted.
Number of tests: 90
Time: 12964 ms
***********************************************************************************************************************************************
weight_list(before reduction): [1, 1, 19, 1, 5, 5, 3, 1, 1, 3, 1, 2, 1, 4, 1, 1, 1, 1, 1, 1, 13, 1, 40, 1, ]

weight_list(after reduction): [1, 1, 19, 1, 5, 5, 3, 1, 1, 3, 1, 2, 1, 4, 1, 1, 1, 1, 1, 1, 13, 1, 40, 1, ]

No node is deleted.
Number of tests: 90
Time: 12211 ms
***********************************************************************************************************************************************
weight_list(before reduction): [1, 18, 1, 3, 1, 1, 3, 1, 1, 1, 1, 1, 1, 1, 1, 1, 1, 3, 4, 5, 1, 3, 1, 1, 4, 1, 33, ]

weight_list(after reduction): [1, 18, 1, 3, 1, 1, 3, 1, 1, 1, 1, 1, 1, 1, 1, 1, 1, 3, 4, 5, 1, 3, 1, 1, 4, 1, 33, ]

No node is deleted.
Number of tests: 102
Time: 22084 ms
***********************************************************************************************************************************************
weight_list(before reduction): [17, 1, 2, 1, 2, 1, 1, 2, 3, 1, 4, 1, 1, 1, 1, 1, 3, 1, 31, 1, ]

weight_list(after reduction): [17, 1, 2, 1, 2, 1, 1, 2, 3, 1, 4, 1, 1, 1, 1, 1, 3, 1, 31, 1, ]

No node is deleted.
Number of tests: 74
Time: 24246 ms
***********************************************************************************************************************************************
weight_list(before reduction): [1, 16, 1, 1, 1, 1, 1, 1, 1, 1, 1, 1, 3, 1, 1, 1, 30, 1, ]

weight_list(after reduction): [1, 16, 1, 1, 1, 1, 1, 1, 1, 1, 1, 1, 3, 1, 1, 1, 30, 1, ]

No node is deleted.
Number of tests: 66
Time: 3467 ms
***********************************************************************************************************************************************
weight_list(before reduction): [15, 1, 1, 2, 1, 1, 28, ]

weight_list(after reduction): [15, 1, 1, 2, 1, 1, 28, ]

No node is deleted.
Number of tests: 22
Time: 1266 ms
***********************************************************************************************************************************************
weight_list(before reduction): [1, 14, 1, 1, 27, 1, ]

weight_list(after reduction): [1, 14, 1, 1, 27, 1, ]

No node is deleted.
Number of tests: 18
Time: 678 ms
***********************************************************************************************************************************************
weight_list(before reduction): [13, 1, 1, 26, ]

weight_list(after reduction): [13, 1, 1, 26, ]

No node is deleted.
Number of tests: 10
Time: 204 ms
***********************************************************************************************************************************************
weight_list(before reduction): [1, 12, 25, 1, ]

weight_list(after reduction): [1, 12, 25, 1, ]

No node is deleted.
Number of tests: 10
Time: 211 ms
***********************************************************************************************************************************************
weight_list(before reduction): [11, 1, 1, 24, ]

weight_list(after reduction): [11, 1, 1, 24, ]

No node is deleted.
Number of tests: 10
Time: 197 ms
***********************************************************************************************************************************************
weight_list(before reduction): [1, 10, 1, 23, ]

weight_list(after reduction): [1, 10, 1, 23, ]

No node is deleted.
Number of tests: 10
Time: 1023 ms
***********************************************************************************************************************************************
weight_list(before reduction): [1, 9, 1, 22, ]

weight_list(after reduction): [1, 9, 1, 22, ]

No node is deleted.
Number of tests: 10
Time: 1609 ms
***********************************************************************************************************************************************
weight_list(before reduction): [1, 8, 21, 1, ]

weight_list(after reduction): [1, 8, 21, 1, ]

No node is deleted.
Number of tests: 10
Time: 465 ms
***********************************************************************************************************************************************
weight_list(before reduction): [7, 1, 1, 20, ]

weight_list(after reduction): [7, 1, 1, 20, ]

No node is deleted.
Number of tests: 10
Time: 188 ms
***********************************************************************************************************************************************
weight_list(before reduction): [1, 6, 1, 19, ]

weight_list(after reduction): [1, 6, 1, 19, ]

No node is deleted.
Number of tests: 10
Time: 1022 ms
***********************************************************************************************************************************************
weight_list(before reduction): [1, 5, 1, 17, 1, ]

weight_list(after reduction): [1, 5, 1, 17, 1, ]

No node is deleted.
Number of tests: 14
Time: 637 ms
***********************************************************************************************************************************************
weight_list(before reduction): [1, 3, 1, 15, 2, ]

weight_list(after reduction): [1, 3, 1, 15, 2, ]

No node is deleted.
Number of tests: 14
Time: 310 ms
***********************************************************************************************************************************************
weight_list(before reduction): [2, 1, 14, 1, 1, 1, ]

weight_list(after reduction): [2, 1, 14, 1, 1, 1, ]

No node is deleted.
Number of tests: 18
Time: 387 ms
***********************************************************************************************************************************************
weight_list(before reduction): [1, 1, 1, 13, ]

weight_list(after reduction): [1, 1, 1, 13, ]

No node is deleted.
Number of tests: 10
Time: 209 ms
***********************************************************************************************************************************************
weight_list(before reduction): [12, 1, ]

weight_list(after reduction): [12, 1, ]

No node is deleted.
Number of tests: 2
Time: 41 ms
***********************************************************************************************************************************************
weight_list(before reduction): [1, 11, ]

weight_list(after reduction): [1, 11, ]

No node is deleted.
Number of tests: 2
Time: 40 ms
***********************************************************************************************************************************************
weight_list(before reduction): [10, 1, ]

weight_list(after reduction): [10, 1, ]

No node is deleted.
Number of tests: 2
Time: 40 ms
***********************************************************************************************************************************************
weight_list(before reduction): [1, 9, ]

weight_list(after reduction): [1, 9, ]

No node is deleted.
Number of tests: 2
Time: 38 ms
***********************************************************************************************************************************************
weight_list(before reduction): [8, 1, ]

weight_list(after reduction): [8, 1, ]

No node is deleted.
Number of tests: 2
Time: 37 ms
***********************************************************************************************************************************************
weight_list(before reduction): [1, 7, ]

weight_list(after reduction): [1, 7, ]

No node is deleted.
Number of tests: 2
Time: 42 ms
***********************************************************************************************************************************************
weight_list(before reduction): [6, 1, ]

weight_list(after reduction): [6, 1, ]

No node is deleted.
Number of tests: 2
Time: 39 ms
***********************************************************************************************************************************************
weight_list(before reduction): [1, 5, ]

weight_list(after reduction): [1, 5, ]

No node is deleted.
Number of tests: 2
Time: 39 ms
***********************************************************************************************************************************************
weight_list(before reduction): [4, 1, ]

weight_list(after reduction): [4, 1, ]

No node is deleted.
Number of tests: 2
Time: 42 ms
***********************************************************************************************************************************************
weight_list(before reduction): [1, 3, ]

weight_list(after reduction): [1, 3, ]

No node is deleted.
Number of tests: 2
Time: 42 ms
***********************************************************************************************************************************************
weight_list(before reduction): [2, 1, ]

weight_list(after reduction): [2, 1, ]

No node is deleted.
Number of tests: 2
Time: 41 ms
***********************************************************************************************************************************************
weight_list(before reduction): [1, 1, ]

weight_list(after reduction): [1, 1, ]

No node is deleted.
Number of tests: 2
Time: 43 ms
***********************************************************************************************************************************************
weight_list(before reduction): [325, ]

weight_list(after reduction): [325, ]

No node is deleted.
Number of tests: 0
Time: 0 ms
***********************************************************************************************************************************************
weight_list(before reduction): [325, ]

weight_list(after reduction): [325, ]

No node is deleted.
Number of tests: 0
Time: 0 ms
***********************************************************************************************************************************************
weight_list(before reduction): [4, 4, 4, 4, 4, 4, 34, 3, 13, 6, 3, 5, 3, 3, 3, 4, 3, 3, 6, 36, 166, 10, ]

weight_list(after reduction): [4, 4, 4, 4, 4, 4, 34, 3, 13, 6, 3, 5, 3, 3, 3, 4, 3, 3, 6, 36, 166, 10, ]

No node is deleted.
Number of tests: 82
Time: 2443 ms
***********************************************************************************************************************************************
weight_list(before reduction): [3, 1, 3, 1, 3, 1, 3, 1, 3, 1, 3, 1, 1, 10, 23, 2, 1, 1, 11, 1, 2, 3, 1, 2, 1, 1, 3, 1, 2, 1, 2, 1, 2, 1, 3, 1, 2, 1, 2, 1, 2, 3, 1, 1, 3, 32, 2, 3, 161, 1, 3, 6, ]

weight_list(after reduction): [3, 1, 3, 1, 3, 1, 3, 1, 3, 1, 3, 1, 1, 10, 23, 2, 1, 1, 11, 1, 2, 3, 1, 2, 1, 1, 3, 1, 2, 1, 2, 1, 2, 1, 3, 1, 2, 1, 2, 1, 2, 3, 1, 1, 3, 32, 2, 3, 161, 1, 3, 6, ]

No node is deleted.
Number of tests: 202
Time: 5163 ms
***********************************************************************************************************************************************
weight_list(before reduction): [1, 1, 1, 1, 1, 1, 1, 1, 1, 1, 1, 1, 1, 1, 1, 1, 1, 1, 3, 7, 1, 21, 1, 1, 1, 3, 8, 1, 1, 1, 2, 1, 1, 1, 2, 1, 1, 1, 1, 1, 1, 1, 1, 1, 1, 1, 1, 1, 1, 1, 1, 1, 1, 1, 2, 1, 30, 1, 1, 1, 1, 1, 1, 1, 159, 1, 1, 2, 1, 4, 1, ]

weight_list(after reduction): [1, 1, 1, 1, 1, 1, 1, 1, 1, 1, 1, 1, 1, 1, 1, 1, 1, 1, 3, 7, 1, 21, 1, 1, 1, 3, 8, 1, 1, 1, 2, 1, 1, 1, 2, 1, 1, 1, 1, 1, 1, 1, 1, 1, 1, 1, 1, 1, 1, 1, 1, 1, 1, 1, 2, 1, 30, 1, 1, 1, 1, 1, 1, 1, 159, 1, 1, 2, 1, 4, 1, ]

No node is deleted.
Number of tests: 278
Time: 7126 ms
***********************************************************************************************************************************************
weight_list(before reduction): [1, 1, 1, 1, 5, 1, 20, 1, 1, 2, 1, 7, 1, 1, 1, 1, 1, 1, 27, 3, 12, 3, 31, 110, 3, 1, 1, 3, 1, ]

weight_list(after reduction): [1, 1, 1, 1, 5, 1, 20, 1, 1, 2, 1, 7, 1, 1, 1, 1, 1, 1, 27, 3, 12, 3, 31, 110, 3, 1, 1, 3, 1, ]

No node is deleted.
Number of tests: 110
Time: 3550 ms
***********************************************************************************************************************************************
weight_list(before reduction): [2, 3, 1, 19, 1, 1, 1, 5, 1, 26, 1, 2, 1, 1, 10, 1, 2, 1, 4, 1, 26, 1, 1, 108, 2, 1, 1, 2, ]

weight_list(after reduction): [2, 3, 1, 19, 1, 1, 1, 5, 1, 26, 1, 2, 1, 1, 10, 1, 2, 1, 4, 1, 26, 1, 1, 108, 2, 1, 1, 2, ]

No node is deleted.
Number of tests: 106
Time: 12752 ms
***********************************************************************************************************************************************
weight_list(before reduction): [1, 1, 1, 2, 7, 12, 1, 4, 25, 1, 1, 1, 1, 9, 1, 1, 1, 1, 2, 1, 24, 1, 14, 1, 93, 1, 1, 1, 1, ]

weight_list(after reduction): [1, 1, 1, 2, 7, 12, 1, 4, 25, 1, 1, 1, 1, 9, 1, 1, 1, 1, 2, 1, 24, 1, 14, 1, 93, 1, 1, 1, 1, ]

No node is deleted.
Number of tests: 110
Time: 13769 ms
***********************************************************************************************************************************************
weight_list(before reduction): [1, 1, 6, 1, 1, 5, 1, 5, 2, 2, 1, 24, 3, 3, 3, 1, 1, 6, 18, 1, 1, 12, 1, 91, 1, ]

weight_list(after reduction): [1, 1, 6, 1, 1, 5, 1, 5, 2, 2, 1, 24, 3, 3, 3, 1, 1, 6, 18, 1, 1, 12, 1, 91, 1, ]

No node is deleted.
Number of tests: 94
Time: 2487 ms
***********************************************************************************************************************************************
weight_list(before reduction): [1, 5, 4, 1, 4, 1, 1, 1, 1, 1, 23, 1, 1, 1, 1, 1, 1, 1, 1, 1, 1, 1, 1, 1, 1, 2, 1, 16, 1, 4, 5, 1, 2, 5, 13, 73, ]

weight_list(after reduction): [1, 5, 4, 1, 4, 1, 1, 1, 1, 1, 23, 1, 1, 1, 1, 1, 1, 1, 1, 1, 1, 1, 1, 1, 1, 2, 1, 16, 1, 4, 5, 1, 2, 5, 13, 73, ]

No node is deleted.
Number of tests: 138
Time: 23674 ms
***********************************************************************************************************************************************
weight_list(before reduction): [4, 1, 1, 3, 1, 3, 1, 22, 1, 1, 15, 1, 3, 1, 4, 1, 1, 1, 1, 3, 1, 10, 1, 2, 12, 1, 60, ]

weight_list(after reduction): [4, 1, 1, 3, 1, 3, 1, 22, 1, 1, 15, 1, 3, 1, 4, 1, 1, 1, 1, 3, 1, 10, 1, 2, 12, 1, 60, ]

No node is deleted.
Number of tests: 102
Time: 53866 ms
***********************************************************************************************************************************************
weight_list(before reduction): [1, 3, 2, 1, 1, 2, 21, 1, 1, 14, 1, 1, 1, 1, 3, 1, 2, 1, 1, 8, 1, 1, 1, 1, 10, 1, 58, 1, ]

weight_list(after reduction): [1, 3, 2, 1, 1, 2, 21, 1, 1, 14, 1, 1, 1, 1, 3, 1, 2, 1, 1, 8, 1, 1, 1, 1, 10, 1, 58, 1, ]

No node is deleted.
Number of tests: 106
Time: 4645 ms
***********************************************************************************************************************************************
weight_list(before reduction): [1, 2, 1, 1, 1, 1, 1, 20, 1, 13, 1, 2, 1, 1, 4, 3, 1, 1, 5, 1, 3, 15, 1, 42, ]

weight_list(after reduction): [1, 2, 1, 1, 1, 1, 1, 20, 1, 13, 1, 2, 1, 1, 4, 3, 1, 1, 5, 1, 3, 15, 1, 42, ]

No node is deleted.
Number of tests: 90
Time: 12968 ms
***********************************************************************************************************************************************
weight_list(before reduction): [1, 1, 19, 1, 5, 5, 3, 1, 1, 3, 1, 2, 1, 4, 1, 1, 1, 1, 1, 1, 13, 1, 40, 1, ]

weight_list(after reduction): [1, 1, 19, 1, 5, 5, 3, 1, 1, 3, 1, 2, 1, 4, 1, 1, 1, 1, 1, 1, 13, 1, 40, 1, ]

No node is deleted.
Number of tests: 90
Time: 12254 ms
***********************************************************************************************************************************************
weight_list(before reduction): [1, 18, 1, 3, 1, 1, 3, 1, 1, 1, 1, 1, 1, 1, 1, 1, 1, 3, 4, 5, 1, 3, 1, 1, 4, 1, 33, ]

weight_list(after reduction): [1, 18, 1, 3, 1, 1, 3, 1, 1, 1, 1, 1, 1, 1, 1, 1, 1, 3, 4, 5, 1, 3, 1, 1, 4, 1, 33, ]

No node is deleted.
Number of tests: 102
Time: 22113 ms
***********************************************************************************************************************************************
weight_list(before reduction): [17, 1, 2, 1, 2, 1, 1, 2, 3, 1, 4, 1, 1, 1, 1, 1, 3, 1, 31, 1, ]

weight_list(after reduction): [17, 1, 2, 1, 2, 1, 1, 2, 3, 1, 4, 1, 1, 1, 1, 1, 3, 1, 31, 1, ]

No node is deleted.
Number of tests: 74
Time: 24182 ms
***********************************************************************************************************************************************
weight_list(before reduction): [1, 16, 1, 1, 1, 1, 1, 1, 1, 1, 1, 1, 3, 1, 1, 1, 30, 1, ]

weight_list(after reduction): [1, 16, 1, 1, 1, 1, 1, 1, 1, 1, 1, 1, 3, 1, 1, 1, 30, 1, ]

No node is deleted.
Number of tests: 66
Time: 3376 ms
***********************************************************************************************************************************************
weight_list(before reduction): [15, 1, 1, 2, 1, 1, 28, ]

weight_list(after reduction): [15, 1, 1, 2, 1, 1, 28, ]

No node is deleted.
Number of tests: 22
Time: 1286 ms
***********************************************************************************************************************************************
weight_list(before reduction): [1, 14, 1, 1, 27, 1, ]

weight_list(after reduction): [1, 14, 1, 1, 27, 1, ]

No node is deleted.
Number of tests: 18
Time: 598 ms
***********************************************************************************************************************************************
weight_list(before reduction): [13, 1, 1, 26, ]

weight_list(after reduction): [13, 1, 1, 26, ]

No node is deleted.
Number of tests: 10
Time: 189 ms
***********************************************************************************************************************************************
weight_list(before reduction): [1, 12, 25, 1, ]

weight_list(after reduction): [1, 12, 25, 1, ]

No node is deleted.
Number of tests: 10
Time: 167 ms
***********************************************************************************************************************************************
weight_list(before reduction): [11, 1, 1, 24, ]

weight_list(after reduction): [11, 1, 1, 24, ]

No node is deleted.
Number of tests: 10
Time: 179 ms
***********************************************************************************************************************************************
weight_list(before reduction): [1, 10, 1, 23, ]

weight_list(after reduction): [1, 10, 1, 23, ]

No node is deleted.
Number of tests: 10
Time: 978 ms
***********************************************************************************************************************************************
weight_list(before reduction): [1, 9, 1, 22, ]

weight_list(after reduction): [1, 9, 1, 22, ]

No node is deleted.
Number of tests: 10
Time: 1554 ms
***********************************************************************************************************************************************
weight_list(before reduction): [1, 8, 21, 1, ]

weight_list(after reduction): [1, 8, 21, 1, ]

No node is deleted.
Number of tests: 10
Time: 488 ms
***********************************************************************************************************************************************
weight_list(before reduction): [7, 1, 1, 20, ]

weight_list(after reduction): [7, 1, 1, 20, ]

No node is deleted.
Number of tests: 10
Time: 184 ms
***********************************************************************************************************************************************
weight_list(before reduction): [1, 6, 1, 19, ]

weight_list(after reduction): [1, 6, 1, 19, ]

No node is deleted.
Number of tests: 10
Time: 969 ms
***********************************************************************************************************************************************
weight_list(before reduction): [1, 5, 1, 17, 1, ]

weight_list(after reduction): [1, 5, 1, 17, 1, ]

No node is deleted.
Number of tests: 14
Time: 617 ms
***********************************************************************************************************************************************
weight_list(before reduction): [1, 3, 1, 15, 2, ]

weight_list(after reduction): [1, 3, 1, 15, 2, ]

No node is deleted.
Number of tests: 14
Time: 279 ms
***********************************************************************************************************************************************
weight_list(before reduction): [2, 1, 14, 1, 1, 1, ]

weight_list(after reduction): [2, 1, 14, 1, 1, 1, ]

No node is deleted.
Number of tests: 18
Time: 355 ms
***********************************************************************************************************************************************
weight_list(before reduction): [1, 1, 1, 13, ]

weight_list(after reduction): [1, 1, 1, 13, ]

No node is deleted.
Number of tests: 10
Time: 206 ms
***********************************************************************************************************************************************
weight_list(before reduction): [12, 1, ]

weight_list(after reduction): [12, 1, ]

No node is deleted.
Number of tests: 2
Time: 37 ms
***********************************************************************************************************************************************
weight_list(before reduction): [1, 11, ]

weight_list(after reduction): [1, 11, ]

No node is deleted.
Number of tests: 2
Time: 38 ms
***********************************************************************************************************************************************
weight_list(before reduction): [10, 1, ]

weight_list(after reduction): [10, 1, ]

No node is deleted.
Number of tests: 2
Time: 37 ms
***********************************************************************************************************************************************
weight_list(before reduction): [1, 9, ]

weight_list(after reduction): [1, 9, ]

No node is deleted.
Number of tests: 2
Time: 40 ms
***********************************************************************************************************************************************
weight_list(before reduction): [8, 1, ]

weight_list(after reduction): [8, 1, ]

No node is deleted.
Number of tests: 2
Time: 37 ms
***********************************************************************************************************************************************
weight_list(before reduction): [1, 7, ]

weight_list(after reduction): [1, 7, ]

No node is deleted.
Number of tests: 2
Time: 38 ms
***********************************************************************************************************************************************
weight_list(before reduction): [6, 1, ]

weight_list(after reduction): [6, 1, ]

No node is deleted.
Number of tests: 2
Time: 43 ms
***********************************************************************************************************************************************
weight_list(before reduction): [1, 5, ]

weight_list(after reduction): [1, 5, ]

No node is deleted.
Number of tests: 2
Time: 44 ms
***********************************************************************************************************************************************
weight_list(before reduction): [4, 1, ]

weight_list(after reduction): [4, 1, ]

No node is deleted.
Number of tests: 2
Time: 41 ms
***********************************************************************************************************************************************
weight_list(before reduction): [1, 3, ]

weight_list(after reduction): [1, 3, ]

No node is deleted.
Number of tests: 2
Time: 40 ms
***********************************************************************************************************************************************
weight_list(before reduction): [2, 1, ]

weight_list(after reduction): [2, 1, ]

No node is deleted.
Number of tests: 2
Time: 37 ms
***********************************************************************************************************************************************
weight_list(before reduction): [1, 1, ]

weight_list(after reduction): [1, 1, ]

No node is deleted.
Number of tests: 2
Time: 41 ms
***********************************************************************************************************************************************
/tmp/benchmark
