Running with arguments: /tmp/benchmark/binaries/run_hdd_ddmin.sh /tmp/benchmark/c_benchmarks/clang-22382/r.sh /tmp/benchmark/c_benchmarks/clang-22382/small.c /tmp/benchmark/stat/hdd_wdd_ddmin_c/hdd_ddmin_0/clang-22382 /tmp/tmp2ymgljkz
/tmp/tmp.KycbiAKlIp /tmp/benchmark
weight_list(before reduction): [21068, ]

weight_list(after reduction): [21068, ]

No node is deleted.
Number of tests: 0
Time: 0 ms
***********************************************************************************************************************************************
weight_list(before reduction): [21068, ]

weight_list(after reduction): [21068, ]

No node is deleted.
Number of tests: 0
Time: 0 ms
***********************************************************************************************************************************************
weight_list(before reduction): [5, 5, 5, 4, 6, 5, 6, 5, 7, 10, 23, 19, 15, 21, 21, 19, 55, 55, 79, 72, 62, 54, 15, 21, 21, 19, 57, 57, 79, 72, 62, 54, 32, 84, 66, 143, 57, 57, 79, 72, 62, 54, 32, 84, 66, 143, 57, 57, 79, 72, 62, 54, 15, 19, 19, 31, 33, 33, 73, 66, 56, 46, 15, 19, 19, 31, 33, 33, 73, 66, 56, 46, 15, 19, 19, 31, 33, 33, 73, 66, 56, 46, 15, 19, 19, 33, 33, 33, 73, 66, 56, 46, 48, 48, 52, 73, 48, 48, 52, 73, 48, 7, 6, 88, 32, 97, 38, 63, 4, 23, 6, 17, 6, 6, 6, 6, 6, 6, 6, 6, 6, 6, 6, 6, 6, 6, 9, 16, 9, 6, 100, 757, 6, 25, 6, 41, 144, 25, 19, 6, 27, 6, 9, 106, 6, 6, 6, 44, 39, 6, 6, 6, 6, 6, 9, 6, 7, 20, 22, 8, 20, 17, 22, 12, 14, 8, 915, 24, 2311, 12, 2926, 3561, 931, 1510, 923, 333, 1066, ]

weight_list(after reduction): [5, 5, 4, 6, 5, 6, 5, 7, 19, 15, 21, 21, 19, 55, 79, 72, 62, 54, 15, 21, 21, 19, 57, 79, 72, 62, 54, 32, 84, 66, 57, 84, 66, 57, 15, 19, 19, 31, 33, 73, 66, 56, 46, 15, 19, 19, 31, 33, 73, 66, 56, 46, 15, 19, 19, 33, 15, 19, 19, 33, 7, 6, 88, 32, 97, 38, 23, 6, 17, 6, 6, 6, 6, 6, 6, 6, 6, 6, 6, 6, 6, 6, 6, 9, 16, 9, 6, 100, 757, 6, 25, 6, 41, 144, 25, 19, 6, 27, 6, 9, 106, 6, 6, 6, 44, 39, 6, 6, 6, 6, 6, 9, 6, 20, 22, 8, 20, 17, 22, 8, 915, 24, 2311, 12, 2926, 3561, 931, 333, 1066, ]

[Length of the list before reduction: 177]
[Length of the list after reduction: 129]
Sum of weight before reduction: 21068
Sum of weight after reduction: 16251
Token reduced: 4817
Average weight before reduction: 119.02824858757062
Average weight after reduction: 125.97674418604652
Number of tests: 1529
Time: 352782 ms
***********************************************************************************************************************************************
weight_list(before reduction): [4, 1, 4, 1, 3, 1, 5, 1, 4, 1, 5, 1, 4, 1, 6, 1, 2, 8, 9, 2, 7, 6, 2, 10, 9, 2, 10, 9, 2, 10, 7, 2, 10, 43, 2, 10, 67, 2, 11, 59, 2, 10, 50, 2, 11, 41, 2, 7, 6, 2, 10, 9, 2, 10, 9, 2, 10, 7, 2, 10, 45, 2, 10, 67, 2, 11, 59, 2, 10, 50, 2, 11, 41, 2, 7, 23, 2, 10, 72, 2, 10, 54, 2, 10, 45, 2, 10, 72, 2, 10, 54, 2, 10, 45, 2, 7, 6, 2, 10, 7, 2, 10, 7, 2, 10, 19, 2, 10, 21, 2, 10, 61, 2, 11, 53, 2, 10, 44, 2, 11, 33, 2, 7, 6, 2, 10, 7, 2, 10, 7, 2, 10, 19, 2, 10, 21, 2, 10, 61, 2, 11, 53, 2, 10, 44, 2, 11, 33, 2, 7, 6, 2, 10, 7, 2, 10, 7, 2, 10, 21, 2, 7, 6, 2, 10, 7, 2, 10, 7, 2, 10, 21, 2, 4, 1, 2, 3, 1, 2, 4, 82, 2, 5, 25, 2, 5, 90, 2, 12, 24, 22, 1, 2, 3, 1, 3, 13, 1, 2, 3, 1, 2, 3, 1, 2, 3, 1, 2, 3, 1, 2, 3, 1, 2, 3, 1, 2, 3, 1, 2, 3, 1, 2, 3, 1, 2, 3, 1, 2, 3, 1, 2, 3, 1, 2, 3, 1, 2, 3, 1, 2, 6, 1, 3, 12, 1, 2, 6, 1, 2, 3, 1, 2, 97, 1, 2, 754, 1, 2, 3, 1, 2, 22, 1, 2, 3, 1, 2, 38, 1, 2, 141, 1, 2, 22, 1, 2, 16, 1, 2, 3, 1, 2, 24, 1, 2, 3, 1, 2, 6, 1, 3, 102, 1, 2, 3, 1, 2, 3, 1, 2, 3, 1, 2, 41, 1, 2, 36, 1, 2, 3, 1, 2, 3, 1, 2, 3, 1, 2, 3, 1, 2, 3, 1, 2, 6, 1, 2, 3, 1, 2, 17, 1, 2, 19, 1, 2, 5, 1, 2, 17, 1, 2, 14, 1, 3, 18, 1, 2, 5, 1, 2, 4, 909, 2, 17, 5, 2, 19, 2290, 2, 5, 5, 2, 17, 2907, 2, 14, 3545, 3, 18, 910, 2, 5, 326, 1, 4, 1061, ]

weight_list(after reduction): [4, 1, 4, 1, 3, 1, 5, 1, 4, 1, 5, 1, 4, 1, 6, 1, 2, 8, 9, 2, 7, 6, 2, 10, 9, 2, 10, 9, 2, 10, 7, 2, 10, 43, 2, 10, 67, 2, 11, 59, 2, 10, 50, 2, 11, 41, 2, 7, 6, 2, 10, 9, 2, 10, 9, 2, 10, 7, 2, 10, 45, 2, 10, 67, 2, 11, 59, 2, 10, 50, 2, 11, 41, 2, 7, 23, 2, 10, 72, 2, 10, 54, 2, 10, 45, 2, 10, 72, 2, 10, 54, 2, 10, 45, 2, 7, 6, 2, 10, 7, 2, 10, 7, 2, 10, 19, 2, 10, 21, 2, 10, 61, 2, 11, 53, 2, 10, 44, 2, 11, 33, 2, 7, 6, 2, 10, 7, 2, 10, 7, 2, 10, 19, 2, 10, 21, 2, 10, 61, 2, 11, 53, 2, 10, 44, 2, 11, 33, 2, 7, 6, 2, 10, 7, 2, 10, 7, 2, 10, 21, 2, 7, 6, 2, 10, 7, 2, 10, 7, 2, 10, 21, 2, 4, 1, 2, 3, 1, 2, 4, 82, 2, 5, 25, 2, 5, 90, 2, 12, 24, 22, 1, 2, 3, 1, 3, 13, 1, 2, 3, 1, 2, 3, 1, 2, 3, 1, 2, 3, 1, 2, 3, 1, 2, 3, 1, 2, 3, 1, 2, 3, 1, 2, 3, 1, 2, 3, 1, 2, 3, 1, 2, 3, 1, 2, 3, 1, 2, 3, 1, 2, 6, 1, 3, 12, 1, 2, 6, 1, 2, 3, 1, 2, 97, 1, 2, 754, 1, 2, 3, 1, 2, 22, 1, 2, 3, 1, 2, 38, 1, 2, 141, 1, 2, 22, 1, 2, 16, 1, 2, 3, 1, 2, 24, 1, 2, 3, 1, 2, 6, 1, 3, 102, 1, 2, 3, 1, 2, 3, 1, 2, 3, 1, 2, 41, 1, 2, 36, 1, 2, 3, 1, 2, 3, 1, 2, 3, 1, 2, 3, 1, 2, 3, 1, 2, 6, 1, 2, 3, 1, 2, 17, 1, 2, 19, 1, 2, 5, 1, 2, 17, 1, 2, 14, 1, 3, 18, 1, 2, 5, 1, 2, 4, 909, 2, 17, 5, 2, 19, 2290, 2, 5, 5, 2, 17, 2907, 2, 14, 3545, 3, 18, 910, 2, 5, 326, 1, 4, 1061, ]

No node is deleted.
Number of tests: 1506
Time: 204725 ms
***********************************************************************************************************************************************
weight_list(before reduction): [1, 1, 1, 1, 1, 1, 1, 1, 1, 1, 1, 1, 1, 1, 1, 1, 1, 1, 1, 1, 1, 1, 1, 1, 1, 1, 1, 1, 1, 1, 1, 1, 1, 1, 1, 1, 1, 1, 7, 1, 7, 1, 1, 1, 3, 4, 1, 4, 1, 1, 1, 3, 7, 1, 7, 1, 1, 1, 3, 7, 1, 7, 1, 1, 1, 3, 7, 1, 5, 1, 1, 1, 3, 7, 1, 41, 1, 1, 1, 3, 7, 1, 65, 1, 1, 1, 3, 8, 1, 57, 1, 1, 1, 3, 7, 1, 48, 1, 1, 1, 3, 8, 1, 39, 1, 1, 1, 3, 4, 1, 4, 1, 1, 1, 3, 7, 1, 7, 1, 1, 1, 3, 7, 1, 7, 1, 1, 1, 3, 7, 1, 5, 1, 1, 1, 3, 7, 1, 43, 1, 1, 1, 3, 7, 1, 65, 1, 1, 1, 3, 8, 1, 57, 1, 1, 1, 3, 7, 1, 48, 1, 1, 1, 3, 8, 1, 39, 1, 1, 1, 3, 4, 1, 21, 1, 1, 1, 3, 7, 1, 70, 1, 1, 1, 3, 7, 1, 52, 1, 1, 1, 3, 7, 1, 43, 1, 1, 1, 3, 7, 1, 70, 1, 1, 1, 3, 7, 1, 52, 1, 1, 1, 3, 7, 1, 43, 1, 1, 1, 3, 4, 1, 4, 1, 1, 1, 3, 7, 1, 5, 1, 1, 1, 3, 7, 1, 5, 1, 1, 1, 3, 7, 1, 17, 1, 1, 1, 3, 7, 1, 19, 1, 1, 1, 3, 7, 1, 59, 1, 1, 1, 3, 8, 1, 51, 1, 1, 1, 3, 7, 1, 42, 1, 1, 1, 3, 8, 1, 31, 1, 1, 1, 3, 4, 1, 4, 1, 1, 1, 3, 7, 1, 5, 1, 1, 1, 3, 7, 1, 5, 1, 1, 1, 3, 7, 1, 17, 1, 1, 1, 3, 7, 1, 19, 1, 1, 1, 3, 7, 1, 59, 1, 1, 1, 3, 8, 1, 51, 1, 1, 1, 3, 7, 1, 42, 1, 1, 1, 3, 8, 1, 31, 1, 1, 1, 3, 4, 1, 4, 1, 1, 1, 3, 7, 1, 5, 1, 1, 1, 3, 7, 1, 5, 1, 1, 1, 3, 7, 1, 19, 1, 1, 1, 3, 4, 1, 4, 1, 1, 1, 3, 7, 1, 5, 1, 1, 1, 3, 7, 1, 5, 1, 1, 1, 3, 7, 1, 19, 1, 1, 1, 1, 3, 1, 1, 1, 2, 1, 1, 1, 3, 1, 80, 1, 1, 1, 1, 4, 1, 23, 1, 1, 1, 1, 4, 1, 88, 1, 1, 1, 1, 11, 1, 22, 1, 1, 21, 1, 1, 1, 2, 1, 2, 1, 12, 1, 1, 1, 2, 1, 1, 1, 2, 1, 1, 1, 2, 1, 1, 1, 2, 1, 1, 1, 2, 1, 1, 1, 2, 1, 1, 1, 2, 1, 1, 1, 2, 1, 1, 1, 2, 1, 1, 1, 2, 1, 1, 1, 2, 1, 1, 1, 2, 1, 1, 1, 2, 1, 1, 1, 2, 1, 1, 1, 5, 1, 2, 1, 11, 1, 1, 1, 5, 1, 1, 1, 2, 1, 1, 7, 90, 1, 1, 10, 744, 1, 1, 1, 2, 1, 1, 4, 18, 1, 1, 1, 2, 1, 1, 10, 28, 1, 1, 7, 134, 1, 1, 4, 18, 1, 1, 4, 12, 1, 1, 1, 2, 1, 1, 4, 20, 1, 1, 1, 2, 1, 1, 1, 5, 1, 2, 4, 98, 1, 1, 1, 2, 1, 1, 1, 2, 1, 1, 1, 2, 1, 1, 7, 34, 1, 1, 10, 26, 1, 1, 1, 2, 1, 1, 1, 2, 1, 1, 1, 2, 1, 1, 1, 2, 1, 1, 1, 2, 1, 1, 1, 5, 1, 1, 1, 2, 1, 1, 1, 16, 1, 1, 1, 18, 1, 1, 1, 4, 1, 1, 1, 16, 1, 1, 1, 13, 1, 2, 1, 17, 1, 1, 1, 4, 1, 1, 1, 3, 1, 907, 1, 1, 1, 1, 16, 1, 3, 1, 1, 1, 1, 18, 1, 2288, 1, 1, 1, 1, 4, 1, 3, 1, 1, 1, 1, 16, 1, 2905, 1, 1, 1, 1, 13, 1, 3543, 1, 1, 2, 1, 17, 1, 908, 1, 1, 1, 1, 4, 1, 324, 1, 1, 3, 1, 1059, 1, ]

weight_list(after reduction): [1, 1, 1, 1, 1, 1, 1, 1, 1, 1, 1, 1, 1, 1, 1, 1, 1, 1, 1, 1, 1, 1, 1, 1, 1, 1, 7, 1, 1, 1, 3, 4, 1, 4, 1, 1, 3, 7, 1, 7, 1, 1, 3, 7, 1, 7, 1, 1, 3, 7, 1, 5, 1, 1, 3, 7, 1, 41, 1, 1, 3, 7, 1, 65, 1, 1, 3, 8, 1, 57, 1, 1, 3, 7, 1, 48, 1, 1, 3, 8, 1, 39, 1, 1, 3, 4, 1, 4, 1, 1, 3, 7, 1, 7, 1, 1, 3, 7, 1, 7, 1, 1, 3, 7, 1, 5, 1, 1, 3, 7, 1, 43, 1, 1, 3, 7, 1, 65, 1, 1, 3, 8, 1, 57, 1, 1, 3, 7, 1, 48, 1, 1, 3, 8, 1, 39, 1, 1, 3, 4, 1, 21, 1, 1, 3, 7, 1, 70, 1, 1, 3, 7, 1, 52, 1, 1, 3, 7, 1, 43, 1, 1, 3, 7, 1, 70, 1, 1, 3, 7, 1, 52, 1, 1, 3, 7, 1, 43, 1, 1, 3, 4, 1, 4, 1, 1, 3, 7, 1, 5, 1, 1, 3, 7, 1, 5, 1, 1, 3, 7, 1, 17, 1, 1, 3, 7, 1, 19, 1, 1, 3, 7, 1, 59, 1, 1, 3, 8, 1, 51, 1, 1, 3, 7, 1, 42, 1, 1, 3, 8, 1, 31, 1, 1, 3, 4, 1, 4, 1, 1, 3, 7, 1, 5, 1, 1, 3, 7, 1, 5, 1, 1, 3, 7, 1, 17, 1, 1, 3, 7, 1, 19, 1, 1, 3, 7, 1, 59, 1, 1, 3, 8, 1, 51, 1, 1, 3, 7, 1, 42, 1, 1, 3, 8, 1, 31, 1, 1, 3, 4, 1, 4, 1, 1, 3, 7, 1, 5, 1, 1, 3, 7, 1, 5, 1, 1, 3, 7, 1, 19, 1, 1, 3, 4, 1, 4, 1, 1, 3, 7, 1, 5, 1, 1, 3, 7, 1, 5, 1, 1, 3, 7, 1, 19, 1, 1, 1, 1, 1, 1, 1, 3, 1, 1, 1, 1, 4, 1, 1, 1, 1, 4, 1, 1, 1, 1, 11, 1, 1, 1, 21, 1, 1, 2, 1, 1, 1, 1, 1, 1, 1, 1, 1, 1, 1, 1, 1, 1, 1, 1, 1, 1, 1, 1, 1, 1, 1, 1, 1, 1, 1, 1, 2, 1, 1, 1, 1, 2, 1, 1, 1, 1, 1, 1, 7, 1, 10, 1, 1, 1, 4, 1, 1, 1, 10, 1, 7, 1, 4, 1, 4, 1, 1, 1, 4, 1, 1, 1, 1, 2, 4, 1, 1, 1, 1, 1, 1, 1, 7, 1, 10, 1, 1, 1, 1, 1, 1, 1, 1, 1, 1, 1, 1, 1, 1, 1, 1, 16, 1, 1, 18, 1, 1, 4, 1, 1, 16, 1, 1, 13, 1, 2, 1, 17, 1, 1, 4, 1, 1, 3, 1, 907, 1, 1, 1, 16, 1, 3, 1, 1, 1, 18, 1, 2288, 1, 1, 1, 4, 1, 3, 1, 1, 1, 16, 1, 2905, 1, 1, 1, 13, 1, 3543, 1, 2, 1, 17, 1, 908, 1, 1, 1, 4, 1, 324, 1, 1, 3, 1, 1, ]

[Length of the list before reduction: 710]
[Length of the list after reduction: 529]
Sum of weight before reduction: 16186
Sum of weight after reduction: 13453
Token reduced: 2733
Average weight before reduction: 22.79718309859155
Average weight after reduction: 25.43100189035917
Number of tests: 42086
Time: 9892078 ms
***********************************************************************************************************************************************
weight_list(before reduction): [1, 5, 1, 1, 1, 1, 1, 2, 1, 3, 1, 1, 1, 1, 1, 5, 1, 6, 1, 1, 1, 1, 1, 5, 1, 6, 1, 1, 1, 1, 1, 5, 1, 4, 1, 1, 1, 1, 1, 5, 1, 40, 1, 1, 1, 1, 1, 5, 1, 64, 1, 1, 1, 1, 1, 6, 1, 56, 1, 1, 1, 1, 1, 5, 1, 47, 1, 1, 1, 1, 1, 6, 1, 38, 1, 1, 1, 1, 1, 2, 1, 3, 1, 1, 1, 1, 1, 5, 1, 6, 1, 1, 1, 1, 1, 5, 1, 6, 1, 1, 1, 1, 1, 5, 1, 4, 1, 1, 1, 1, 1, 5, 1, 42, 1, 1, 1, 1, 1, 5, 1, 64, 1, 1, 1, 1, 1, 6, 1, 56, 1, 1, 1, 1, 1, 5, 1, 47, 1, 1, 1, 1, 1, 6, 1, 38, 1, 1, 1, 1, 1, 2, 1, 20, 1, 1, 1, 1, 1, 5, 1, 69, 1, 1, 1, 1, 1, 5, 1, 51, 1, 1, 1, 1, 1, 5, 1, 42, 1, 1, 1, 1, 1, 5, 1, 69, 1, 1, 1, 1, 1, 5, 1, 51, 1, 1, 1, 1, 1, 5, 1, 42, 1, 1, 1, 1, 1, 2, 1, 3, 1, 1, 1, 1, 1, 5, 1, 4, 1, 1, 1, 1, 1, 5, 1, 4, 1, 1, 1, 1, 1, 5, 1, 16, 1, 1, 1, 1, 1, 5, 1, 18, 1, 1, 1, 1, 1, 5, 1, 58, 1, 1, 1, 1, 1, 6, 1, 50, 1, 1, 1, 1, 1, 5, 1, 41, 1, 1, 1, 1, 1, 6, 1, 30, 1, 1, 1, 1, 1, 2, 1, 3, 1, 1, 1, 1, 1, 5, 1, 4, 1, 1, 1, 1, 1, 5, 1, 4, 1, 1, 1, 1, 1, 5, 1, 16, 1, 1, 1, 1, 1, 5, 1, 18, 1, 1, 1, 1, 1, 5, 1, 58, 1, 1, 1, 1, 1, 6, 1, 50, 1, 1, 1, 1, 1, 5, 1, 41, 1, 1, 1, 1, 1, 6, 1, 30, 1, 1, 1, 1, 1, 2, 1, 3, 1, 1, 1, 1, 1, 5, 1, 4, 1, 1, 1, 1, 1, 5, 1, 4, 1, 1, 1, 1, 1, 5, 1, 18, 1, 1, 1, 1, 1, 2, 1, 3, 1, 1, 1, 1, 1, 5, 1, 4, 1, 1, 1, 1, 1, 5, 1, 4, 1, 1, 1, 1, 1, 5, 1, 18, 1, 1, 1, 1, 1, 2, 1, 1, 2, 1, 1, 9, 1, 1, 1, 18, 1, 1, 1, 1, 1, 1, 1, 1, 6, 1, 9, 1, 3, 1, 9, 1, 6, 1, 3, 1, 3, 1, 3, 1, 1, 1, 3, 1, 6, 1, 9, 1, 14, 1, 1, 16, 1, 1, 2, 1, 1, 14, 1, 1, 11, 1, 1, 1, 1, 15, 1, 1, 2, 1, 1, 1, 1, 5, 15, 6, 5, 5, 16, 5, 5, 5, 3, 23, 695, 101, 3, 3, 12, 1, 14, 1, 2, 1, 1, 16, 1, 9, 5, 5, 15, 5, 5, 5, 5, 12, 5, 5, 6, 5, 75, 5, 7, 10, 13, 145, 9, 7, 4, 18, 6, 4, 4, 33, 8, 43, 14, 11, 13, 4, 4, 19, 1, 10, 5, 7, 4, 22, 4, 9, 7, 89, 6, 79, 16, 29, 7, 7, 29, 7, 7, 14, 55, 14, 4, 7, 22, 16, 5, 7, 15, 11, 1152, 7, 4, 12, 7, 5, 33, 7, 3, 1, 2, 1, 2, 1, 1, 14, 1, 5, 5, 8, 5, 5, 704, 5, 8, 8, 5, 5, 5, 24, 7, 1977, 9, 54, 14, 11, 4, 7, 7, 7, 13, 3, 1, 11, 1, 214, 15, 5, 5, 28, 5, 6, 15, 7, 9, 4, 165, 1, 4, 11, 5, 24, 320, 8, 7, 344, 1, 11, 7, 15, 12, 56, 13, 11, 8, 7, 4, 173, 1, 4, 4, 59, 11, 74, 7, 7, 4, 43, 1, 7, 4, 4, 4, 10, 43, 1, 9, 15, 4, 430, 114, 1157, 6, 1, 1, 1, 15, 1, 8, 5, 5, 5, 8, 229, 15, 6, 5, 5, 5, 5, 6, 5, 5, 8, 18, 2, 14, 4, 28, 7, 7, 6, 11, 20, 22, 133, 124, 7, 13, 7, 7, 10, 18, 4, 5, 7, 85, 21, 3, 1, 2, 1, 5, 5, 5, 5, 5, 26, 3, 5, 27, 1, 7, 22, 29, 1, 41, 7, 9, 7, 4, 4, 13, 4, 20, 7, 8, 7, 25, 7, 5, 7, 3, 1, 1, 1, ]

weight_list(after reduction): [1, 1, 1, 1, 1, 1, 2, 1, 3, 1, 1, 1, 1, 1, 5, 1, 6, 1, 1, 1, 1, 1, 5, 1, 6, 1, 1, 1, 1, 1, 5, 1, 4, 1, 1, 1, 1, 1, 5, 1, 40, 1, 1, 1, 1, 1, 5, 1, 64, 1, 1, 1, 1, 1, 6, 1, 56, 1, 1, 1, 1, 1, 5, 1, 47, 1, 1, 1, 1, 1, 6, 1, 38, 1, 1, 1, 1, 1, 2, 1, 3, 1, 1, 1, 1, 1, 5, 1, 6, 1, 1, 1, 1, 1, 5, 1, 6, 1, 1, 1, 1, 1, 5, 1, 4, 1, 1, 1, 1, 1, 5, 1, 42, 1, 1, 1, 1, 1, 5, 1, 64, 1, 1, 1, 1, 1, 6, 1, 56, 1, 1, 1, 1, 1, 5, 1, 47, 1, 1, 1, 1, 1, 6, 1, 38, 1, 1, 1, 1, 1, 2, 1, 20, 1, 1, 1, 1, 1, 5, 1, 69, 1, 1, 1, 1, 1, 5, 1, 51, 1, 1, 1, 1, 1, 5, 1, 42, 1, 1, 1, 1, 1, 5, 1, 69, 1, 1, 1, 1, 1, 5, 1, 51, 1, 1, 1, 1, 1, 5, 1, 42, 1, 1, 1, 1, 1, 2, 1, 3, 1, 1, 1, 1, 1, 5, 1, 4, 1, 1, 1, 1, 1, 5, 1, 4, 1, 1, 1, 1, 1, 5, 1, 16, 1, 1, 1, 1, 1, 5, 1, 18, 1, 1, 1, 1, 1, 5, 1, 58, 1, 1, 1, 1, 1, 6, 1, 50, 1, 1, 1, 1, 1, 5, 1, 41, 1, 1, 1, 1, 1, 6, 1, 30, 1, 1, 1, 1, 1, 2, 1, 3, 1, 1, 1, 1, 1, 5, 1, 4, 1, 1, 1, 1, 1, 5, 1, 4, 1, 1, 1, 1, 1, 5, 1, 16, 1, 1, 1, 1, 1, 5, 1, 18, 1, 1, 1, 1, 1, 5, 1, 58, 1, 1, 1, 1, 1, 6, 1, 50, 1, 1, 1, 1, 1, 5, 1, 41, 1, 1, 1, 1, 1, 6, 1, 30, 1, 1, 1, 1, 1, 2, 1, 3, 1, 1, 1, 1, 1, 5, 1, 4, 1, 1, 1, 1, 1, 5, 1, 4, 1, 1, 1, 1, 1, 5, 1, 18, 1, 1, 1, 1, 1, 2, 1, 3, 1, 1, 1, 1, 1, 5, 1, 4, 1, 1, 1, 1, 1, 5, 1, 4, 1, 1, 1, 1, 1, 5, 1, 18, 1, 1, 1, 1, 1, 1, 1, 1, 1, 1, 1, 18, 1, 1, 1, 1, 1, 1, 1, 1, 6, 1, 9, 1, 3, 1, 1, 1, 3, 1, 3, 1, 1, 1, 1, 3, 1, 1, 9, 1, 14, 1, 1, 16, 1, 1, 1, 1, 14, 1, 1, 1, 1, 1, 1, 15, 1, 1, 1, 1, 1, 12, 1, 14, 1, 2, 1, 1, 16, 1, 3, 1, 2, 1, 2, 1, 1, 14, 1, 3, 1, 11, 1, 214, 15, 5, 6, 15, 1157, 1, 1, 1, 15, 1, 8, 15, 5, 133, 7, 3, 1, 1, 3, 1, 1, ]

[Length of the list before reduction: 758]
[Length of the list after reduction: 514]
Sum of weight before reduction: 13124
Sum of weight after reduction: 3791
Token reduced: 9333
Average weight before reduction: 17.313984168865435
Average weight after reduction: 7.375486381322958
Number of tests: 17249
Time: 1677845 ms
***********************************************************************************************************************************************
weight_list(before reduction): [1, 1, 1, 2, 2, 3, 1, 5, 2, 3, 1, 5, 2, 3, 1, 3, 2, 3, 1, 39, 2, 3, 1, 63, 2, 4, 1, 55, 2, 3, 1, 46, 2, 4, 1, 37, 1, 1, 1, 2, 2, 3, 1, 5, 2, 3, 1, 5, 2, 3, 1, 3, 2, 3, 1, 41, 2, 3, 1, 63, 2, 4, 1, 55, 2, 3, 1, 46, 2, 4, 1, 37, 1, 1, 1, 19, 2, 3, 1, 68, 2, 3, 1, 50, 2, 3, 1, 41, 2, 3, 1, 68, 2, 3, 1, 50, 2, 3, 1, 41, 1, 1, 1, 2, 2, 3, 1, 3, 2, 3, 1, 3, 2, 3, 1, 15, 2, 3, 1, 17, 2, 3, 1, 57, 2, 4, 1, 49, 2, 3, 1, 40, 2, 4, 1, 29, 1, 1, 1, 2, 2, 3, 1, 3, 2, 3, 1, 3, 2, 3, 1, 15, 2, 3, 1, 17, 2, 3, 1, 57, 2, 4, 1, 49, 2, 3, 1, 40, 2, 4, 1, 29, 1, 1, 1, 2, 2, 3, 1, 3, 2, 3, 1, 3, 2, 3, 1, 17, 1, 1, 1, 2, 2, 3, 1, 3, 2, 3, 1, 3, 2, 3, 1, 17, 5, 3, 5, 5, 3, 3, 3, 3, 3, 1, 1, 1, 1, 1, 1, 1, 1, 1, 1, 1, 1, 3, 3, 3, 2, 12, 2, 14, 2, 12, 2, 13, 11, 1, 2, 12, 1, 1, 2, 14, 2, 1, 1, 1, 1, 1, 2, 12, 2, 1, 2, 9, 1, 212, 1, 2, 12, 1, 1, 3, 1, 1, 4, 1, 2, 12, 1, 1, 1155, 1, 2, 13, 1, 6, 1, 2, 12, 1, 1, 3, 1, 1, 1, 131, 1, 1, 1, 1, 3, 2, 1, 2, 1, ]

weight_list(after reduction): [1, 1, 2, 2, 3, 1, 5, 2, 3, 1, 5, 2, 3, 1, 3, 2, 3, 1, 39, 2, 3, 1, 63, 2, 4, 1, 55, 2, 3, 1, 46, 2, 4, 1, 37, 1, 1, 2, 2, 3, 1, 5, 2, 3, 1, 5, 2, 3, 1, 3, 2, 3, 1, 41, 2, 3, 1, 63, 2, 4, 1, 55, 2, 3, 1, 46, 2, 4, 1, 37, 1, 1, 19, 2, 3, 1, 68, 2, 3, 1, 50, 2, 3, 1, 41, 2, 3, 1, 68, 2, 3, 1, 50, 2, 3, 1, 41, 1, 1, 2, 2, 3, 1, 3, 2, 3, 1, 3, 2, 3, 1, 15, 2, 3, 1, 17, 2, 3, 1, 57, 2, 4, 1, 49, 2, 3, 1, 40, 2, 4, 1, 29, 1, 1, 2, 2, 3, 1, 3, 2, 3, 1, 3, 2, 3, 1, 15, 2, 3, 1, 17, 2, 3, 1, 57, 2, 4, 1, 49, 2, 3, 1, 40, 2, 4, 1, 29, 1, 1, 2, 2, 3, 1, 3, 2, 3, 1, 3, 2, 3, 1, 17, 1, 1, 2, 2, 3, 1, 3, 2, 3, 1, 3, 2, 3, 1, 17, 5, 3, 5, 5, 3, 3, 3, 3, 3, 1, 1, 1, 1, 1, 1, 1, 1, 3, 3, 3, 2, 12, 2, 14, 2, 12, 2, 13, 11, 1, 2, 12, 1, 1, 2, 14, 2, 1, 1, 1, 1, 2, 12, 2, 1, 2, 9, 1, 212, 1, 2, 12, 1, 1, 3, 1, 1, 4, 1, 2, 12, 1, 1, 1155, 1, 2, 13, 1, 6, 1, 2, 12, 1, 1, 3, 1, 1, 1, 131, 1, 1, 1, 1, 3, 2, 1, 2, 1, ]

[Length of the list before reduction: 297]
[Length of the list after reduction: 285]
Sum of weight before reduction: 3415
Sum of weight after reduction: 3403
Token reduced: 12
Average weight before reduction: 11.498316498316498
Average weight after reduction: 11.940350877192982
Number of tests: 2803
Time: 227974 ms
***********************************************************************************************************************************************
weight_list(before reduction): [1, 1, 1, 1, 1, 2, 4, 1, 1, 1, 1, 2, 4, 1, 1, 1, 1, 2, 1, 2, 1, 1, 1, 2, 27, 12, 1, 1, 1, 2, 46, 17, 1, 1, 1, 3, 37, 18, 1, 1, 1, 2, 29, 17, 1, 1, 1, 3, 19, 18, 1, 1, 1, 1, 1, 2, 4, 1, 1, 1, 1, 2, 4, 1, 1, 1, 1, 2, 1, 2, 1, 1, 1, 2, 29, 12, 1, 1, 1, 2, 46, 17, 1, 1, 1, 3, 37, 18, 1, 1, 1, 2, 29, 17, 1, 1, 1, 3, 19, 18, 10, 9, 1, 1, 1, 2, 56, 12, 1, 1, 1, 2, 38, 12, 1, 1, 1, 2, 29, 12, 1, 1, 1, 2, 56, 12, 1, 1, 1, 2, 38, 12, 1, 1, 1, 2, 29, 12, 1, 1, 1, 1, 1, 2, 1, 2, 1, 1, 1, 2, 1, 2, 1, 1, 1, 2, 7, 8, 1, 1, 1, 2, 5, 12, 1, 1, 1, 2, 40, 17, 1, 1, 1, 3, 31, 18, 1, 1, 1, 2, 23, 17, 1, 1, 1, 3, 11, 18, 1, 1, 1, 1, 1, 2, 1, 2, 1, 1, 1, 2, 1, 2, 1, 1, 1, 2, 7, 8, 1, 1, 1, 2, 5, 12, 1, 1, 1, 2, 40, 17, 1, 1, 1, 3, 31, 18, 1, 1, 1, 2, 23, 17, 1, 1, 1, 3, 11, 18, 1, 1, 1, 1, 1, 2, 1, 2, 1, 1, 1, 2, 1, 2, 1, 1, 1, 2, 5, 12, 1, 1, 1, 1, 1, 2, 1, 2, 1, 1, 1, 2, 1, 2, 1, 1, 1, 2, 5, 12, 2, 2, 1, 2, 1, 2, 2, 1, 2, 2, 1, 1, 1, 1, 1, 1, 1, 1, 1, 1, 1, 1, 1, 1, 1, 1, 1, 1, 1, 1, 1, 1, 1, 1, 1, 1, 1, 3, 3, 3, 3, 1, 1, 3, 4, 4, 3, 1, 1, 3, 3, 3, 3, 1, 1, 3, 3, 3, 4, 1, 10, 1, 1, 3, 3, 3, 3, 1, 1, 3, 4, 4, 3, 1, 1, 1, 1, 3, 3, 3, 3, 1, 1, 1, 1, 3, 3, 3, 10, 202, 1, 1, 1, 11, 1, 2, 1, 3, 1, 1, 1, 11, 8, 5, 15, 5, 5, 6, 5, 3, 10, 7, 54, 244, 70, 4, 7, 9, 231, 7, 21, 7, 33, 18, 7, 356, 8, 10, 1, 1, 3, 3, 3, 4, 1, 5, 1, 1, 1, 11, 1, 2, 17, 1, 113, 2, 1, 1, 1, 1, 1, ]

weight_list(after reduction): [1, 1, 1, 1, 2, 4, 1, 1, 1, 1, 2, 4, 1, 1, 1, 1, 2, 1, 1, 1, 1, 2, 27, 1, 1, 1, 2, 46, 1, 1, 1, 3, 37, 1, 1, 1, 2, 29, 1, 1, 1, 3, 19, 1, 1, 1, 1, 2, 4, 1, 1, 1, 1, 2, 4, 1, 1, 1, 1, 2, 1, 1, 1, 1, 2, 29, 1, 1, 1, 2, 46, 1, 1, 1, 3, 37, 1, 1, 1, 2, 29, 1, 1, 1, 3, 19, 10, 1, 1, 1, 2, 56, 1, 1, 1, 2, 38, 1, 1, 1, 2, 29, 1, 1, 1, 2, 56, 1, 1, 1, 2, 38, 1, 1, 1, 2, 29, 1, 1, 1, 1, 2, 2, 1, 1, 1, 2, 2, 1, 1, 1, 2, 7, 1, 1, 1, 2, 5, 1, 1, 1, 2, 40, 1, 1, 1, 3, 31, 1, 1, 1, 2, 23, 1, 1, 1, 3, 11, 1, 1, 1, 1, 2, 2, 1, 1, 1, 2, 2, 1, 1, 1, 2, 7, 1, 1, 1, 2, 5, 1, 1, 1, 2, 40, 1, 1, 1, 3, 31, 1, 1, 1, 2, 23, 1, 1, 1, 3, 11, 1, 1, 1, 1, 2, 2, 1, 1, 1, 2, 2, 1, 1, 1, 2, 5, 1, 1, 1, 1, 2, 2, 1, 1, 1, 2, 2, 1, 1, 1, 2, 5, 2, 1, 2, 1, 2, 2, 1, 2, 2, 1, 1, 1, 1, 1, 1, 1, 1, 1, 1, 1, 1, 1, 1, 1, 1, 1, 1, 1, 1, 1, 1, 1, 3, 3, 3, 3, 1, 3, 4, 4, 3, 1, 3, 3, 3, 3, 1, 3, 3, 3, 4, 1, 10, 1, 1, 3, 3, 3, 3, 1, 1, 3, 4, 4, 3, 1, 1, 1, 1, 3, 3, 3, 3, 1, 1, 1, 1, 3, 3, 3, 10, 1, 1, 1, 1, 1, 3, 1, 1, 1, 8, 15, 5, 5, 6, 231, 356, 10, 1, 1, 3, 3, 3, 4, 1, 1, 1, 1, 1, 17, 1, 113, 2, 1, 1, 1, 1, 1, ]

[Length of the list before reduction: 429]
[Length of the list after reduction: 349]
Sum of weight before reduction: 3306
Sum of weight after reduction: 2067
Token reduced: 1239
Average weight before reduction: 7.706293706293707
Average weight after reduction: 5.922636103151863
Number of tests: 12782
Time: 879350 ms
***********************************************************************************************************************************************
weight_list(before reduction): [1, 1, 1, 3, 1, 1, 1, 3, 1, 1, 1, 1, 26, 1, 1, 1, 45, 1, 1, 1, 1, 36, 1, 1, 1, 28, 1, 1, 1, 1, 18, 1, 1, 1, 1, 3, 1, 1, 1, 3, 1, 1, 1, 1, 28, 1, 1, 1, 45, 1, 1, 1, 1, 36, 1, 1, 1, 28, 1, 1, 1, 1, 18, 1, 9, 1, 1, 1, 55, 1, 1, 1, 37, 1, 1, 1, 28, 1, 1, 1, 55, 1, 1, 1, 37, 1, 1, 1, 28, 1, 1, 1, 1, 1, 1, 1, 1, 1, 1, 1, 6, 1, 1, 1, 4, 1, 1, 1, 39, 1, 1, 1, 1, 30, 1, 1, 1, 22, 1, 1, 1, 1, 10, 1, 1, 1, 1, 1, 1, 1, 1, 1, 1, 1, 6, 1, 1, 1, 4, 1, 1, 1, 39, 1, 1, 1, 1, 30, 1, 1, 1, 22, 1, 1, 1, 1, 10, 1, 1, 1, 1, 1, 1, 1, 1, 1, 1, 1, 4, 1, 1, 1, 1, 1, 1, 1, 1, 1, 1, 1, 4, 1, 1, 1, 1, 1, 1, 1, 1, 1, 1, 1, 1, 1, 1, 2, 1, 2, 1, 2, 1, 2, 1, 2, 1, 3, 1, 3, 1, 2, 1, 2, 1, 2, 1, 2, 1, 2, 1, 2, 1, 2, 1, 2, 1, 3, 1, 9, 1, 2, 1, 2, 1, 2, 1, 2, 1, 2, 1, 3, 1, 3, 1, 2, 1, 2, 1, 2, 1, 2, 1, 2, 1, 2, 1, 2, 1, 2, 1, 9, 1, 1, 1, 1, 6, 1, 2, 12, 1, 1, 3, 1, 1, 3, 1, 1, 4, 1, 230, 1, 1, 354, 1, 1, 8, 1, 1, 2, 1, 2, 1, 2, 1, 3, 1, 1, 15, 1, 111, 1, 1, 1, ]

weight_list(after reduction): [1, 1, 1, 3, 1, 1, 1, 3, 1, 1, 1, 1, 26, 1, 1, 1, 45, 1, 1, 1, 36, 1, 1, 1, 28, 1, 1, 1, 18, 1, 1, 1, 1, 3, 1, 1, 1, 3, 1, 1, 1, 1, 28, 1, 1, 1, 45, 1, 1, 1, 36, 1, 1, 1, 28, 1, 1, 1, 18, 1, 9, 1, 1, 1, 55, 1, 1, 1, 37, 1, 1, 1, 28, 1, 1, 1, 55, 1, 1, 1, 37, 1, 1, 1, 28, 1, 1, 1, 1, 1, 1, 1, 1, 1, 6, 1, 1, 1, 4, 1, 1, 1, 39, 1, 1, 1, 30, 1, 1, 1, 22, 1, 1, 1, 10, 1, 1, 1, 1, 1, 1, 1, 1, 1, 6, 1, 1, 1, 4, 1, 1, 1, 39, 1, 1, 1, 30, 1, 1, 1, 22, 1, 1, 1, 10, 1, 1, 1, 1, 1, 1, 1, 1, 1, 4, 1, 1, 1, 1, 1, 1, 1, 1, 1, 4, 1, 1, 1, 1, 1, 1, 1, 1, 1, 1, 1, 1, 1, 1, 2, 1, 2, 1, 2, 1, 2, 1, 2, 1, 3, 1, 3, 1, 2, 1, 2, 1, 2, 1, 2, 1, 2, 1, 2, 1, 2, 1, 2, 1, 3, 1, 9, 1, 2, 1, 2, 1, 2, 1, 2, 1, 2, 1, 3, 1, 3, 1, 2, 1, 2, 1, 2, 1, 2, 1, 2, 1, 2, 1, 2, 1, 2, 1, 9, 1, 1, 1, 1, 6, 1, 2, 12, 1, 1, 3, 1, 1, 3, 1, 1, 4, 1, 230, 1, 1, 354, 8, 1, 1, 2, 1, 2, 1, 2, 1, 3, 1, 1, 15, 1, 111, 1, 1, 1, ]

[Length of the list before reduction: 302]
[Length of the list after reduction: 284]
Sum of weight before reduction: 1860
Sum of weight after reduction: 1842
Token reduced: 18
Average weight before reduction: 6.158940397350993
Average weight after reduction: 6.485915492957746
Number of tests: 2681
Time: 188274 ms
***********************************************************************************************************************************************
weight_list(before reduction): [1, 2, 1, 2, 1, 25, 1, 44, 1, 35, 1, 27, 1, 17, 1, 2, 1, 2, 1, 27, 1, 44, 1, 35, 1, 27, 1, 17, 1, 8, 1, 54, 1, 36, 1, 27, 1, 54, 1, 36, 1, 27, 1, 5, 1, 3, 1, 38, 1, 29, 1, 21, 1, 9, 1, 5, 1, 3, 1, 38, 1, 29, 1, 21, 1, 9, 1, 3, 1, 3, 1, 1, 1, 1, 1, 1, 1, 1, 1, 1, 2, 1, 2, 1, 1, 1, 1, 1, 1, 1, 1, 1, 1, 1, 1, 1, 1, 1, 1, 1, 2, 1, 3, 3, 3, 1, 1, 1, 1, 1, 1, 1, 1, 1, 1, 2, 1, 2, 1, 1, 1, 1, 1, 1, 1, 1, 1, 1, 1, 1, 1, 1, 1, 1, 1, 3, 3, 3, 1, 5, 1, 1, 1, 11, 1, 2, 1, 2, 1, 3, 1, 229, 8, 5, 15, 5, 5, 6, 5, 3, 7, 7, 43, 1, 244, 5, 3, 1, 1, 1, 1, 1, 1, 2, 1, 7, 5, 1, 2, 5, 5, 6, 6, 86, 3, ]

weight_list(after reduction): [2, 2, 1, 25, 1, 44, 1, 35, 1, 27, 1, 17, 2, 2, 1, 27, 1, 44, 1, 35, 1, 27, 1, 17, 1, 8, 1, 54, 1, 36, 1, 27, 1, 54, 1, 36, 1, 27, 1, 5, 1, 3, 1, 38, 1, 29, 1, 21, 1, 9, 1, 5, 1, 3, 1, 38, 1, 29, 1, 21, 1, 9, 1, 3, 1, 3, 1, 1, 1, 1, 1, 2, 2, 1, 1, 1, 1, 1, 1, 1, 1, 2, 3, 3, 3, 1, 1, 1, 1, 1, 1, 1, 1, 1, 1, 2, 1, 2, 1, 1, 1, 1, 1, 1, 1, 1, 1, 1, 1, 1, 1, 1, 1, 1, 1, 3, 3, 3, 1, 1, 1, 1, 1, 1, 1, 3, 1, 229, 43, 5, 3, 1, 1, 1, 1, 1, 1, 2, 1, 7, 1, 86, ]

[Length of the list before reduction: 185]
[Length of the list after reduction: 142]
Sum of weight before reduction: 1641
Sum of weight after reduction: 1258
Token reduced: 383
Average weight before reduction: 8.87027027027027
Average weight after reduction: 8.859154929577464
Number of tests: 3428
Time: 244352 ms
***********************************************************************************************************************************************
weight_list(before reduction): [1, 1, 1, 1, 5, 20, 5, 39, 5, 30, 5, 22, 5, 12, 1, 1, 1, 1, 5, 22, 5, 39, 5, 30, 5, 22, 5, 12, 1, 7, 25, 29, 34, 2, 5, 22, 25, 29, 34, 2, 5, 22, 1, 2, 1, 1, 1, 2, 10, 28, 11, 18, 10, 11, 7, 2, 1, 2, 1, 1, 1, 2, 10, 28, 11, 18, 10, 11, 7, 2, 1, 2, 1, 2, 1, 1, 1, 1, 1, 1, 1, 1, 1, 1, 1, 1, 1, 1, 1, 1, 1, 1, 1, 1, 1, 1, 1, 1, 1, 1, 1, 1, 1, 1, 1, 1, 227, 1, 17, 1, 25, 1, 3, 1, 2, 1, 1, 1, 6, 1, 85, 1, ]

weight_list(after reduction): [1, 1, 5, 5, 5, 5, 5, 1, 1, 5, 5, 5, 5, 5, 1, 25, 34, 5, 25, 34, 5, 1, 2, 1, 1, 1, 10, 11, 10, 7, 1, 2, 1, 1, 1, 10, 11, 10, 7, 1, 1, 1, 1, 1, 1, 1, 1, 1, 1, 1, 1, 1, 1, 1, 1, 1, 1, 1, 1, 1, 1, 1, 1, 1, 1, 1, 1, 1, 1, 1, 1, 1, 1, 227, 1, 17, 1, 25, 1, 3, 1, 2, 1, 1, 1, 1, 85, 1, ]

[Length of the list before reduction: 122]
[Length of the list after reduction: 88]
Sum of weight before reduction: 1170
Sum of weight after reduction: 673
Token reduced: 497
Average weight before reduction: 9.59016393442623
Average weight after reduction: 7.6477272727272725
Number of tests: 1179
Time: 81496 ms
***********************************************************************************************************************************************
weight_list(before reduction): [4, 1, 4, 1, 4, 1, 4, 1, 4, 1, 4, 1, 4, 1, 4, 1, 4, 1, 4, 1, 24, 1, 33, 1, 4, 1, 24, 1, 33, 1, 4, 1, 1, 1, 9, 1, 10, 1, 9, 1, 6, 1, 1, 1, 9, 1, 10, 1, 9, 1, 6, 1, 5, 222, 1, 1, 15, 1, 23, 1, 1, 2, 1, 1, 3, 1, 81, ]

weight_list(after reduction): [4, 1, 4, 1, 4, 1, 4, 1, 4, 1, 4, 1, 4, 1, 4, 1, 4, 1, 4, 1, 24, 1, 33, 1, 4, 1, 24, 1, 33, 1, 4, 1, 1, 9, 1, 10, 1, 9, 1, 6, 1, 1, 9, 1, 10, 1, 9, 1, 6, 1, 5, 222, 1, 1, 15, 1, 23, 1, 1, 1, 1, 3, ]

[Length of the list before reduction: 67]
[Length of the list after reduction: 62]
Sum of weight before reduction: 617
Sum of weight after reduction: 531
Token reduced: 86
Average weight before reduction: 9.208955223880597
Average weight after reduction: 8.564516129032258
Number of tests: 410
Time: 24036 ms
***********************************************************************************************************************************************
weight_list(before reduction): [1, 3, 1, 3, 1, 3, 1, 3, 1, 3, 1, 3, 1, 3, 1, 3, 1, 3, 1, 3, 1, 23, 1, 32, 1, 3, 1, 23, 1, 32, 1, 3, 1, 8, 1, 9, 1, 8, 1, 5, 1, 8, 1, 9, 1, 8, 1, 5, 4, 1, 2, 2, 216, 2, 7, 5, 1, 2, 15, 8, 1, 2, ]

weight_list(after reduction): [1, 3, 1, 3, 1, 3, 1, 3, 1, 3, 1, 3, 1, 3, 1, 3, 1, 3, 1, 3, 1, 23, 1, 32, 1, 3, 1, 23, 1, 32, 1, 3, 1, 8, 1, 9, 1, 8, 1, 5, 1, 8, 1, 9, 1, 8, 1, 5, 4, 1, 2, 2, 216, 2, 7, 1, 15, 8, 1, 2, ]

[Length of the list before reduction: 62]
[Length of the list after reduction: 60]
Sum of weight before reduction: 498
Sum of weight after reduction: 491
Token reduced: 7
Average weight before reduction: 8.03225806451613
Average weight after reduction: 8.183333333333334
Number of tests: 354
Time: 20880 ms
***********************************************************************************************************************************************
weight_list(before reduction): [1, 2, 1, 2, 1, 2, 1, 2, 1, 2, 1, 2, 1, 2, 1, 2, 1, 2, 1, 2, 5, 18, 5, 27, 1, 2, 5, 18, 5, 27, 1, 2, 6, 2, 7, 2, 6, 2, 1, 2, 1, 1, 6, 2, 7, 2, 6, 2, 1, 2, 1, 1, 1, 3, 1, 1, 1, 1, 1, 215, 1, 1, 6, 1, 2, 12, 1, 7, 1, 1, 1, ]

weight_list(after reduction): [1, 1, 1, 1, 1, 1, 1, 1, 1, 1, 5, 5, 1, 5, 5, 1, 6, 7, 6, 1, 2, 1, 1, 6, 7, 6, 1, 1, 3, 1, 1, 1, 1, 1, 215, 1, 1, 1, 2, 12, 1, 7, 1, 1, 1, ]

[Length of the list before reduction: 71]
[Length of the list after reduction: 45]
Sum of weight before reduction: 464
Sum of weight after reduction: 328
Token reduced: 136
Average weight before reduction: 6.535211267605634
Average weight after reduction: 7.288888888888889
Number of tests: 588
Time: 45918 ms
***********************************************************************************************************************************************
weight_list(before reduction): [4, 1, 4, 1, 4, 1, 4, 1, 5, 1, 6, 1, 5, 1, 1, 1, 5, 1, 6, 1, 5, 1, 1, 1, 1, 214, 1, 1, 1, 1, 11, 1, 1, 5, ]

weight_list(after reduction): [4, 1, 4, 1, 4, 1, 4, 1, 5, 1, 6, 1, 5, 1, 1, 5, 1, 6, 1, 5, 1, 1, 214, 1, 1, 1, 1, 1, 1, 5, ]

[Length of the list before reduction: 34]
[Length of the list after reduction: 30]
Sum of weight before reduction: 299
Sum of weight after reduction: 285
Token reduced: 14
Average weight before reduction: 8.794117647058824
Average weight after reduction: 9.5
Number of tests: 171
Time: 11701 ms
***********************************************************************************************************************************************
weight_list(before reduction): [1, 3, 1, 3, 1, 3, 1, 3, 1, 4, 1, 5, 1, 4, 1, 4, 1, 5, 1, 4, 1, 213, 4, 1, ]

weight_list(after reduction): [1, 3, 1, 3, 1, 3, 1, 3, 1, 4, 1, 5, 1, 4, 1, 4, 1, 5, 1, 4, 1, 213, 4, 1, ]

No node is deleted.
Number of tests: 90
Time: 4495 ms
***********************************************************************************************************************************************
weight_list(before reduction): [1, 2, 1, 2, 1, 2, 1, 2, 1, 1, 1, 1, 1, 2, 1, 1, 1, 1, 1, 1, 1, 1, 1, 1, 1, 2, 1, 1, 1, 1, 1, 1, 202, 11, 1, 3, ]

weight_list(after reduction): [1, 1, 1, 1, 1, 1, 1, 1, 1, 2, 1, 1, 1, 1, 1, 1, 1, 1, 1, 1, 1, 2, 1, 1, 1, 1, 1, 1, 202, 1, 3, ]

[Length of the list before reduction: 36]
[Length of the list after reduction: 31]
Sum of weight before reduction: 255
Sum of weight after reduction: 236
Token reduced: 19
Average weight before reduction: 7.083333333333333
Average weight after reduction: 7.612903225806452
Number of tests: 202
Time: 13427 ms
***********************************************************************************************************************************************
weight_list(before reduction): [1, 1, 1, 1, 201, 1, 1, 1, 1, ]

weight_list(after reduction): [1, 1, 201, 1, 1, 1, 1, ]

[Length of the list before reduction: 9]
[Length of the list after reduction: 7]
Sum of weight before reduction: 209
Sum of weight after reduction: 207
Token reduced: 2
Average weight before reduction: 23.22222222222222
Average weight after reduction: 29.571428571428573
Number of tests: 35
Time: 3572 ms
***********************************************************************************************************************************************
weight_list(before reduction): [1, 200, ]

weight_list(after reduction): [1, 200, ]

No node is deleted.
Number of tests: 2
Time: 123 ms
***********************************************************************************************************************************************
weight_list(before reduction): [198, 2, ]

weight_list(after reduction): [198, ]

[Length of the list before reduction: 2]
[Length of the list after reduction: 1]
Sum of weight before reduction: 200
Sum of weight after reduction: 198
Token reduced: 2
Average weight before reduction: 100.0
Average weight after reduction: 198.0
Number of tests: 1
Time: 684 ms
***********************************************************************************************************************************************
weight_list(before reduction): [197, 1, ]

weight_list(after reduction): [197, 1, ]

No node is deleted.
Number of tests: 2
Time: 114 ms
***********************************************************************************************************************************************
weight_list(before reduction): [1, 196, ]

weight_list(after reduction): [1, 196, ]

No node is deleted.
Number of tests: 2
Time: 90 ms
***********************************************************************************************************************************************
weight_list(before reduction): [1, 195, ]

weight_list(after reduction): [195, ]

[Length of the list before reduction: 2]
[Length of the list after reduction: 1]
Sum of weight before reduction: 196
Sum of weight after reduction: 195
Token reduced: 1
Average weight before reduction: 98.0
Average weight after reduction: 195.0
Number of tests: 2
Time: 712 ms
***********************************************************************************************************************************************
weight_list(before reduction): [194, 1, ]

weight_list(after reduction): [194, 1, ]

No node is deleted.
Number of tests: 2
Time: 110 ms
***********************************************************************************************************************************************
weight_list(before reduction): [1, 193, ]

weight_list(after reduction): [1, 193, ]

No node is deleted.
Number of tests: 2
Time: 102 ms
***********************************************************************************************************************************************
weight_list(before reduction): [191, 2, ]

weight_list(after reduction): [191, ]

[Length of the list before reduction: 2]
[Length of the list after reduction: 1]
Sum of weight before reduction: 193
Sum of weight after reduction: 191
Token reduced: 2
Average weight before reduction: 96.5
Average weight after reduction: 191.0
Number of tests: 1
Time: 739 ms
***********************************************************************************************************************************************
weight_list(before reduction): [190, 1, ]

weight_list(after reduction): [190, 1, ]

No node is deleted.
Number of tests: 2
Time: 101 ms
***********************************************************************************************************************************************
weight_list(before reduction): [1, 189, ]

weight_list(after reduction): [1, 189, ]

No node is deleted.
Number of tests: 2
Time: 109 ms
***********************************************************************************************************************************************
weight_list(before reduction): [185, 4, ]

weight_list(after reduction): [185, ]

[Length of the list before reduction: 2]
[Length of the list after reduction: 1]
Sum of weight before reduction: 189
Sum of weight after reduction: 185
Token reduced: 4
Average weight before reduction: 94.5
Average weight after reduction: 185.0
Number of tests: 1
Time: 723 ms
***********************************************************************************************************************************************
weight_list(before reduction): [184, 1, ]

weight_list(after reduction): [184, 1, ]

No node is deleted.
Number of tests: 2
Time: 99 ms
***********************************************************************************************************************************************
weight_list(before reduction): [1, 183, ]

weight_list(after reduction): [1, 183, ]

No node is deleted.
Number of tests: 2
Time: 84 ms
***********************************************************************************************************************************************
weight_list(before reduction): [181, 2, ]

weight_list(after reduction): [181, ]

[Length of the list before reduction: 2]
[Length of the list after reduction: 1]
Sum of weight before reduction: 183
Sum of weight after reduction: 181
Token reduced: 2
Average weight before reduction: 91.5
Average weight after reduction: 181.0
Number of tests: 1
Time: 644 ms
***********************************************************************************************************************************************
weight_list(before reduction): [180, 1, ]

weight_list(after reduction): [180, 1, ]

No node is deleted.
Number of tests: 2
Time: 93 ms
***********************************************************************************************************************************************
weight_list(before reduction): [1, 179, ]

weight_list(after reduction): [1, 179, ]

No node is deleted.
Number of tests: 2
Time: 95 ms
***********************************************************************************************************************************************
weight_list(before reduction): [1, 178, ]

weight_list(after reduction): [178, ]

[Length of the list before reduction: 2]
[Length of the list after reduction: 1]
Sum of weight before reduction: 179
Sum of weight after reduction: 178
Token reduced: 1
Average weight before reduction: 89.5
Average weight after reduction: 178.0
Number of tests: 2
Time: 804 ms
***********************************************************************************************************************************************
weight_list(before reduction): [1, 176, 1, ]

weight_list(after reduction): [176, ]

[Length of the list before reduction: 3]
[Length of the list after reduction: 1]
Sum of weight before reduction: 178
Sum of weight after reduction: 176
Token reduced: 2
Average weight before reduction: 59.333333333333336
Average weight after reduction: 176.0
Number of tests: 4
Time: 787 ms
***********************************************************************************************************************************************
weight_list(before reduction): [174, 2, ]

weight_list(after reduction): [174, ]

[Length of the list before reduction: 2]
[Length of the list after reduction: 1]
Sum of weight before reduction: 176
Sum of weight after reduction: 174
Token reduced: 2
Average weight before reduction: 88.0
Average weight after reduction: 174.0
Number of tests: 1
Time: 734 ms
***********************************************************************************************************************************************
weight_list(before reduction): [173, 1, ]

weight_list(after reduction): [173, 1, ]

No node is deleted.
Number of tests: 2
Time: 122 ms
***********************************************************************************************************************************************
weight_list(before reduction): [1, 172, ]

weight_list(after reduction): [1, 172, ]

No node is deleted.
Number of tests: 2
Time: 132 ms
***********************************************************************************************************************************************
weight_list(before reduction): [170, 2, ]

weight_list(after reduction): [170, ]

[Length of the list before reduction: 2]
[Length of the list after reduction: 1]
Sum of weight before reduction: 172
Sum of weight after reduction: 170
Token reduced: 2
Average weight before reduction: 86.0
Average weight after reduction: 170.0
Number of tests: 1
Time: 705 ms
***********************************************************************************************************************************************
weight_list(before reduction): [169, 1, ]

weight_list(after reduction): [169, 1, ]

No node is deleted.
Number of tests: 2
Time: 109 ms
***********************************************************************************************************************************************
weight_list(before reduction): [1, 168, ]

weight_list(after reduction): [1, 168, ]

No node is deleted.
Number of tests: 2
Time: 90 ms
***********************************************************************************************************************************************
weight_list(before reduction): [4, 164, ]

weight_list(after reduction): [4, ]

[Length of the list before reduction: 2]
[Length of the list after reduction: 1]
Sum of weight before reduction: 168
Sum of weight after reduction: 4
Token reduced: 164
Average weight before reduction: 84.0
Average weight after reduction: 4.0
Number of tests: 1
Time: 671 ms
***********************************************************************************************************************************************
weight_list(before reduction): [1, 3, ]

weight_list(after reduction): [1, 3, ]

No node is deleted.
Number of tests: 2
Time: 139 ms
***********************************************************************************************************************************************
weight_list(before reduction): [1, 1, 1, ]

weight_list(after reduction): [1, 1, 1, ]

No node is deleted.
Number of tests: 6
Time: 283 ms
***********************************************************************************************************************************************
weight_list(before reduction): [1590, ]

weight_list(after reduction): [1590, ]

No node is deleted.
Number of tests: 0
Time: 0 ms
***********************************************************************************************************************************************
weight_list(before reduction): [1590, ]

weight_list(after reduction): [1590, ]

No node is deleted.
Number of tests: 0
Time: 0 ms
***********************************************************************************************************************************************
weight_list(before reduction): [4, 4, 4, 4, 4, 4, 4, 4, 6, 12, 18, 18, 16, 20, 20, 20, 20, 20, 12, 18, 18, 16, 20, 20, 20, 20, 20, 14, 22, 22, 20, 22, 22, 20, 12, 16, 16, 21, 18, 25, 25, 25, 23, 12, 16, 16, 21, 18, 25, 25, 25, 20, 12, 16, 16, 18, 12, 16, 16, 18, 3, 3, 6, 6, 6, 6, 21, 3, 4, 3, 3, 3, 3, 3, 3, 3, 3, 3, 3, 3, 3, 6, 3, 3, 4, 3, 3, 8, 11, 3, 5, 3, 3, 3, 5, 5, 3, 3, 3, 3, 6, 3, 3, 3, 3, 11, 3, 3, 3, 3, 3, 3, 3, 14, 16, 5, 14, 5, 17, 5, 18, 23, 25, 10, 23, 130, 55, 9, 6, ]

weight_list(after reduction): [4, 4, 4, 4, 4, 4, 4, 21, 3, 6, 5, 17, 130, 55, 6, ]

[Length of the list before reduction: 129]
[Length of the list after reduction: 15]
Sum of weight before reduction: 1590
Sum of weight after reduction: 271
Token reduced: 1319
Average weight before reduction: 12.325581395348838
Average weight after reduction: 18.066666666666666
Number of tests: 350
Time: 30480 ms
***********************************************************************************************************************************************
weight_list(before reduction): [3, 1, 3, 1, 3, 1, 3, 1, 3, 1, 3, 1, 3, 1, 20, 1, 2, 1, 2, 3, 1, 1, 3, 1, 3, 13, 1, 1, 14, 115, 2, 18, 35, 1, 3, 2, ]

weight_list(after reduction): [3, 1, 3, 1, 3, 1, 3, 1, 3, 1, 3, 1, 3, 1, 20, 1, 2, 1, 2, 3, 1, 1, 3, 1, 3, 13, 1, 1, 14, 115, 2, 18, 35, 1, 3, 2, ]

No node is deleted.
Number of tests: 138
Time: 5680 ms
***********************************************************************************************************************************************
weight_list(before reduction): [1, 1, 1, 1, 1, 1, 1, 1, 1, 1, 1, 1, 1, 1, 1, 1, 1, 1, 1, 1, 1, 1, 19, 1, 1, 1, 1, 1, 2, 1, 2, 1, 2, 1, 12, 1, 13, 1, 113, 1, 1, 1, 1, 17, 1, 33, 1, 1, 2, 1, 1, ]

weight_list(after reduction): [1, 1, 1, 1, 1, 1, 1, 1, 1, 1, 1, 1, 1, 1, 1, 1, 1, 1, 1, 1, 1, 1, 19, 1, 1, 1, 1, 1, 2, 1, 2, 1, 12, 1, 13, 1, 113, 1, 1, 1, 1, 17, 1, 33, 1, 1, 2, 1, 1, ]

[Length of the list before reduction: 51]
[Length of the list after reduction: 49]
Sum of weight before reduction: 256
Sum of weight after reduction: 253
Token reduced: 3
Average weight before reduction: 5.019607843137255
Average weight after reduction: 5.163265306122449
Number of tests: 262
Time: 11664 ms
***********************************************************************************************************************************************
weight_list(before reduction): [1, 1, 16, 1, 1, 1, 1, 1, 1, 10, 1, 1, 11, 1, 12, 4, 3, 6, 4, 84, 1, 15, 1, 3, 4, 3, 13, 7, 3, 1, 1, ]

weight_list(after reduction): [1, 1, 16, 1, 1, 1, 1, 1, 1, 10, 1, 1, 11, 1, 4, 84, 1, 15, 1, 13, 1, 1, ]

[Length of the list before reduction: 31]
[Length of the list after reduction: 22]
Sum of weight before reduction: 213
Sum of weight after reduction: 168
Token reduced: 45
Average weight before reduction: 6.870967741935484
Average weight after reduction: 7.636363636363637
Number of tests: 188
Time: 9892 ms
***********************************************************************************************************************************************
weight_list(before reduction): [3, 3, 5, 5, 1, 9, 2, 9, 3, 1, 1, 82, 1, 2, 13, 1, 1, 11, ]

weight_list(after reduction): [3, 3, 5, 1, 9, 2, 9, 3, 1, 1, 82, 1, 2, 13, 1, 1, 11, ]

[Length of the list before reduction: 18]
[Length of the list after reduction: 17]
Sum of weight before reduction: 153
Sum of weight after reduction: 148
Token reduced: 5
Average weight before reduction: 8.5
Average weight after reduction: 8.705882352941176
Number of tests: 82
Time: 5065 ms
***********************************************************************************************************************************************
weight_list(before reduction): [2, 1, 2, 1, 2, 2, 1, 2, 2, 2, 3, 1, 1, 3, 3, 3, 2, 1, 3, 4, 3, 3, 6, 36, 27, 1, 1, 3, 3, 3, 4, 4, 1, 6, ]

weight_list(after reduction): [2, 1, 2, 1, 2, 1, 2, 2, 2, 3, 1, 1, 3, 2, 1, 36, 27, 1, 1, 3, 3, 3, 4, 4, 1, 6, ]

[Length of the list before reduction: 34]
[Length of the list after reduction: 26]
Sum of weight before reduction: 142
Sum of weight after reduction: 115
Token reduced: 27
Average weight before reduction: 4.176470588235294
Average weight after reduction: 4.423076923076923
Number of tests: 157
Time: 13299 ms
***********************************************************************************************************************************************
weight_list(before reduction): [1, 1, 1, 1, 1, 1, 1, 1, 1, 1, 1, 1, 1, 2, 1, 2, 1, 1, 35, 1, 1, 25, 1, 1, 2, 1, 2, 1, 2, 1, 3, 1, 1, 2, 1, 4, 1, ]

weight_list(after reduction): [1, 1, 1, 1, 1, 1, 1, 1, 1, 1, 1, 1, 1, 2, 1, 2, 1, 1, 35, 1, 1, 25, 1, 1, 2, 1, 2, 1, 2, 1, 3, 1, 1, 2, 1, 4, 1, ]

No node is deleted.
Number of tests: 142
Time: 5730 ms
***********************************************************************************************************************************************
weight_list(before reduction): [1, 1, 1, 1, 1, 34, 19, 3, 3, 1, 1, 1, 1, 1, 1, 2, 1, 1, 1, 3, 1, ]

weight_list(after reduction): [1, 1, 1, 1, 1, 34, 19, 1, 1, 1, 1, 1, 1, 2, 1, 1, 1, 3, 1, ]

[Length of the list before reduction: 21]
[Length of the list after reduction: 19]
Sum of weight before reduction: 79
Sum of weight after reduction: 73
Token reduced: 6
Average weight before reduction: 3.761904761904762
Average weight after reduction: 3.8421052631578947
Number of tests: 103
Time: 8380 ms
***********************************************************************************************************************************************
weight_list(before reduction): [1, 32, 1, 4, 1, 14, 1, 1, 1, 2, ]

weight_list(after reduction): [1, 32, 1, 4, 1, 14, 1, 1, 1, 2, ]

No node is deleted.
Number of tests: 34
Time: 2195 ms
***********************************************************************************************************************************************
weight_list(before reduction): [3, 29, 1, 1, 2, 1, 12, 1, 1, 1, ]

weight_list(after reduction): [3, 29, 1, 1, 2, 1, 12, 1, 1, 1, ]

No node is deleted.
Number of tests: 34
Time: 1716 ms
***********************************************************************************************************************************************
weight_list(before reduction): [2, 1, 2, 2, 23, 2, 1, 1, 4, 8, ]

weight_list(after reduction): [2, 1, 2, 2, 23, 2, 1, 1, 4, 8, ]

No node is deleted.
Number of tests: 34
Time: 1746 ms
***********************************************************************************************************************************************
weight_list(before reduction): [1, 1, 1, 1, 1, 1, 1, 22, 1, 1, 3, 1, 7, 1, ]

weight_list(after reduction): [1, 1, 1, 1, 1, 1, 1, 22, 1, 1, 3, 1, 7, 1, ]

No node is deleted.
Number of tests: 50
Time: 1788 ms
***********************************************************************************************************************************************
weight_list(before reduction): [21, 1, 2, 1, 1, 1, 5, ]

weight_list(after reduction): [21, 1, 2, 1, 1, 1, 5, ]

No node is deleted.
Number of tests: 22
Time: 1899 ms
***********************************************************************************************************************************************
weight_list(before reduction): [1, 20, 1, 1, 4, 1, ]

weight_list(after reduction): [1, 20, 1, 1, 4, 1, ]

No node is deleted.
Number of tests: 18
Time: 579 ms
***********************************************************************************************************************************************
weight_list(before reduction): [19, 1, 1, 3, ]

weight_list(after reduction): [19, 1, 1, 3, ]

No node is deleted.
Number of tests: 10
Time: 271 ms
***********************************************************************************************************************************************
weight_list(before reduction): [1, 18, 1, 1, 1, ]

weight_list(after reduction): [1, 18, 1, 1, 1, ]

No node is deleted.
Number of tests: 14
Time: 765 ms
***********************************************************************************************************************************************
weight_list(before reduction): [17, 1, ]

weight_list(after reduction): [17, 1, ]

No node is deleted.
Number of tests: 2
Time: 78 ms
***********************************************************************************************************************************************
weight_list(before reduction): [1, 16, ]

weight_list(after reduction): [1, 16, ]

No node is deleted.
Number of tests: 2
Time: 49 ms
***********************************************************************************************************************************************
weight_list(before reduction): [15, 1, ]

weight_list(after reduction): [15, 1, ]

No node is deleted.
Number of tests: 2
Time: 60 ms
***********************************************************************************************************************************************
weight_list(before reduction): [1, 14, ]

weight_list(after reduction): [1, 14, ]

No node is deleted.
Number of tests: 2
Time: 60 ms
***********************************************************************************************************************************************
weight_list(before reduction): [13, 1, ]

weight_list(after reduction): [13, 1, ]

No node is deleted.
Number of tests: 2
Time: 54 ms
***********************************************************************************************************************************************
weight_list(before reduction): [1, 12, ]

weight_list(after reduction): [1, 12, ]

No node is deleted.
Number of tests: 2
Time: 54 ms
***********************************************************************************************************************************************
weight_list(before reduction): [11, 1, ]

weight_list(after reduction): [11, 1, ]

No node is deleted.
Number of tests: 2
Time: 56 ms
***********************************************************************************************************************************************
weight_list(before reduction): [1, 10, ]

weight_list(after reduction): [1, 10, ]

No node is deleted.
Number of tests: 2
Time: 50 ms
***********************************************************************************************************************************************
weight_list(before reduction): [9, 1, ]

weight_list(after reduction): [9, 1, ]

No node is deleted.
Number of tests: 2
Time: 88 ms
***********************************************************************************************************************************************
weight_list(before reduction): [1, 8, ]

weight_list(after reduction): [1, 8, ]

No node is deleted.
Number of tests: 2
Time: 49 ms
***********************************************************************************************************************************************
weight_list(before reduction): [7, 1, ]

weight_list(after reduction): [7, 1, ]

No node is deleted.
Number of tests: 2
Time: 60 ms
***********************************************************************************************************************************************
weight_list(before reduction): [1, 6, ]

weight_list(after reduction): [1, 6, ]

No node is deleted.
Number of tests: 2
Time: 59 ms
***********************************************************************************************************************************************
weight_list(before reduction): [5, 1, ]

weight_list(after reduction): [5, 1, ]

No node is deleted.
Number of tests: 2
Time: 57 ms
***********************************************************************************************************************************************
weight_list(before reduction): [1, 4, ]

weight_list(after reduction): [1, 4, ]

No node is deleted.
Number of tests: 2
Time: 57 ms
***********************************************************************************************************************************************
weight_list(before reduction): [1, 3, ]

weight_list(after reduction): [1, 3, ]

No node is deleted.
Number of tests: 2
Time: 96 ms
***********************************************************************************************************************************************
weight_list(before reduction): [1, 1, 1, ]

weight_list(after reduction): [1, 1, 1, ]

No node is deleted.
Number of tests: 6
Time: 184 ms
***********************************************************************************************************************************************
weight_list(before reduction): [185, ]

weight_list(after reduction): [185, ]

No node is deleted.
Number of tests: 0
Time: 0 ms
***********************************************************************************************************************************************
weight_list(before reduction): [185, ]

weight_list(after reduction): [185, ]

No node is deleted.
Number of tests: 0
Time: 0 ms
***********************************************************************************************************************************************
weight_list(before reduction): [4, 4, 4, 4, 4, 4, 4, 14, 3, 3, 5, 17, 74, 35, 6, ]

weight_list(after reduction): [4, 4, 4, 4, 4, 4, 4, 14, 3, 5, 17, 74, 35, 6, ]

[Length of the list before reduction: 15]
[Length of the list after reduction: 14]
Sum of weight before reduction: 185
Sum of weight after reduction: 182
Token reduced: 3
Average weight before reduction: 12.333333333333334
Average weight after reduction: 13.0
Number of tests: 63
Time: 4416 ms
***********************************************************************************************************************************************
weight_list(before reduction): [3, 1, 3, 1, 3, 1, 3, 1, 3, 1, 3, 1, 3, 1, 13, 1, 2, 1, 1, 3, 1, 3, 13, 1, 1, 8, 65, 2, 18, 15, 1, 3, 2, ]

weight_list(after reduction): [3, 1, 3, 1, 3, 1, 3, 1, 3, 1, 3, 1, 3, 1, 13, 1, 2, 1, 1, 3, 1, 3, 13, 1, 1, 8, 65, 2, 18, 15, 1, 3, 2, ]

No node is deleted.
Number of tests: 126
Time: 4183 ms
***********************************************************************************************************************************************
weight_list(before reduction): [1, 1, 1, 1, 1, 1, 1, 1, 1, 1, 1, 1, 1, 1, 1, 1, 1, 1, 1, 1, 1, 1, 12, 1, 1, 1, 2, 1, 2, 1, 12, 1, 7, 1, 63, 1, 1, 1, 1, 17, 1, 13, 1, 1, 2, 1, 1, ]

weight_list(after reduction): [1, 1, 1, 1, 1, 1, 1, 1, 1, 1, 1, 1, 1, 1, 1, 1, 1, 1, 1, 1, 1, 1, 12, 1, 1, 1, 2, 1, 2, 1, 12, 1, 7, 1, 63, 1, 1, 1, 1, 17, 1, 13, 1, 1, 2, 1, 1, ]

No node is deleted.
Number of tests: 182
Time: 6233 ms
***********************************************************************************************************************************************
weight_list(before reduction): [1, 1, 9, 1, 1, 1, 1, 1, 1, 10, 1, 1, 5, 1, 4, 59, 1, 15, 1, 1, 1, 11, 1, 1, ]

weight_list(after reduction): [1, 1, 9, 1, 1, 1, 1, 1, 1, 10, 1, 1, 5, 1, 4, 59, 1, 15, 1, 1, 1, 11, 1, 1, ]

No node is deleted.
Number of tests: 90
Time: 2534 ms
***********************************************************************************************************************************************
weight_list(before reduction): [3, 3, 3, 1, 9, 2, 3, 3, 1, 1, 57, 1, 2, 13, 4, 1, 6, ]

weight_list(after reduction): [3, 3, 3, 1, 9, 2, 3, 3, 1, 1, 57, 1, 2, 13, 4, 1, 6, ]

No node is deleted.
Number of tests: 62
Time: 2949 ms
***********************************************************************************************************************************************
weight_list(before reduction): [2, 1, 2, 1, 2, 1, 2, 2, 2, 3, 1, 1, 1, 2, 2, 1, 36, 21, 1, 1, 3, 3, 3, 4, 1, 1, 2, 1, 4, 1, ]

weight_list(after reduction): [2, 1, 2, 1, 2, 1, 2, 2, 2, 3, 1, 1, 1, 2, 2, 1, 36, 21, 1, 1, 3, 3, 3, 4, 1, 1, 2, 1, 4, 1, ]

No node is deleted.
Number of tests: 114
Time: 5972 ms
***********************************************************************************************************************************************
weight_list(before reduction): [1, 1, 1, 1, 1, 1, 1, 1, 1, 1, 1, 1, 1, 2, 1, 1, 1, 1, 35, 1, 1, 19, 1, 1, 2, 1, 2, 1, 2, 1, 3, 1, 1, 3, 1, ]

weight_list(after reduction): [1, 1, 1, 1, 1, 1, 1, 1, 1, 1, 1, 1, 1, 2, 1, 1, 1, 1, 35, 1, 1, 19, 1, 1, 2, 1, 2, 1, 2, 1, 3, 1, 1, 3, 1, ]

No node is deleted.
Number of tests: 134
Time: 6177 ms
***********************************************************************************************************************************************
weight_list(before reduction): [1, 1, 1, 34, 4, 1, 14, 1, 1, 1, 1, 1, 1, 2, 1, 1, 2, ]

weight_list(after reduction): [1, 1, 1, 34, 4, 1, 14, 1, 1, 1, 1, 1, 1, 2, 1, 1, 2, ]

No node is deleted.
Number of tests: 62
Time: 3384 ms
***********************************************************************************************************************************************
weight_list(before reduction): [1, 32, 1, 1, 1, 2, 1, 12, 1, 1, 1, 1, 1, ]

weight_list(after reduction): [1, 32, 1, 1, 1, 2, 1, 12, 1, 1, 1, 1, 1, ]

No node is deleted.
Number of tests: 46
Time: 1747 ms
***********************************************************************************************************************************************
weight_list(before reduction): [3, 29, 1, 1, 4, 8, ]

weight_list(after reduction): [3, 29, 1, 1, 4, 8, ]

No node is deleted.
Number of tests: 18
Time: 953 ms
***********************************************************************************************************************************************
weight_list(before reduction): [2, 1, 2, 2, 23, 2, 3, 1, 7, 1, ]

weight_list(after reduction): [2, 1, 2, 2, 23, 2, 3, 1, 7, 1, ]

No node is deleted.
Number of tests: 34
Time: 1817 ms
***********************************************************************************************************************************************
weight_list(before reduction): [1, 1, 1, 1, 1, 1, 1, 22, 1, 1, 2, 1, 1, 1, 5, ]

weight_list(after reduction): [1, 1, 1, 1, 1, 1, 1, 22, 1, 1, 2, 1, 1, 1, 5, ]

No node is deleted.
Number of tests: 54
Time: 2299 ms
***********************************************************************************************************************************************
weight_list(before reduction): [21, 1, 1, 1, 4, 1, ]

weight_list(after reduction): [21, 1, 1, 1, 4, 1, ]

No node is deleted.
Number of tests: 18
Time: 526 ms
***********************************************************************************************************************************************
weight_list(before reduction): [1, 20, 1, 3, ]

weight_list(after reduction): [1, 20, 1, 3, ]

No node is deleted.
Number of tests: 10
Time: 255 ms
***********************************************************************************************************************************************
weight_list(before reduction): [19, 1, 1, 1, 1, ]

weight_list(after reduction): [19, 1, 1, 1, 1, ]

No node is deleted.
Number of tests: 14
Time: 822 ms
***********************************************************************************************************************************************
weight_list(before reduction): [1, 18, ]

weight_list(after reduction): [1, 18, ]

No node is deleted.
Number of tests: 2
Time: 46 ms
***********************************************************************************************************************************************
weight_list(before reduction): [17, 1, ]

weight_list(after reduction): [17, 1, ]

No node is deleted.
Number of tests: 2
Time: 51 ms
***********************************************************************************************************************************************
weight_list(before reduction): [1, 16, ]

weight_list(after reduction): [1, 16, ]

No node is deleted.
Number of tests: 2
Time: 49 ms
***********************************************************************************************************************************************
weight_list(before reduction): [15, 1, ]

weight_list(after reduction): [15, 1, ]

No node is deleted.
Number of tests: 2
Time: 54 ms
***********************************************************************************************************************************************
weight_list(before reduction): [1, 14, ]

weight_list(after reduction): [1, 14, ]

No node is deleted.
Number of tests: 2
Time: 54 ms
***********************************************************************************************************************************************
weight_list(before reduction): [13, 1, ]

weight_list(after reduction): [13, 1, ]

No node is deleted.
Number of tests: 2
Time: 50 ms
***********************************************************************************************************************************************
weight_list(before reduction): [1, 12, ]

weight_list(after reduction): [1, 12, ]

No node is deleted.
Number of tests: 2
Time: 49 ms
***********************************************************************************************************************************************
weight_list(before reduction): [11, 1, ]

weight_list(after reduction): [11, 1, ]

No node is deleted.
Number of tests: 2
Time: 54 ms
***********************************************************************************************************************************************
weight_list(before reduction): [1, 10, ]

weight_list(after reduction): [1, 10, ]

No node is deleted.
Number of tests: 2
Time: 57 ms
***********************************************************************************************************************************************
weight_list(before reduction): [9, 1, ]

weight_list(after reduction): [9, 1, ]

No node is deleted.
Number of tests: 2
Time: 49 ms
***********************************************************************************************************************************************
weight_list(before reduction): [1, 8, ]

weight_list(after reduction): [1, 8, ]

No node is deleted.
Number of tests: 2
Time: 50 ms
***********************************************************************************************************************************************
weight_list(before reduction): [7, 1, ]

weight_list(after reduction): [7, 1, ]

No node is deleted.
Number of tests: 2
Time: 52 ms
***********************************************************************************************************************************************
weight_list(before reduction): [1, 6, ]

weight_list(after reduction): [1, 6, ]

No node is deleted.
Number of tests: 2
Time: 49 ms
***********************************************************************************************************************************************
weight_list(before reduction): [5, 1, ]

weight_list(after reduction): [5, 1, ]

No node is deleted.
Number of tests: 2
Time: 50 ms
***********************************************************************************************************************************************
weight_list(before reduction): [1, 4, ]

weight_list(after reduction): [1, 4, ]

No node is deleted.
Number of tests: 2
Time: 55 ms
***********************************************************************************************************************************************
weight_list(before reduction): [1, 3, ]

weight_list(after reduction): [1, 3, ]

No node is deleted.
Number of tests: 2
Time: 67 ms
***********************************************************************************************************************************************
weight_list(before reduction): [1, 1, 1, ]

weight_list(after reduction): [1, 1, 1, ]

No node is deleted.
Number of tests: 6
Time: 176 ms
***********************************************************************************************************************************************
weight_list(before reduction): [182, ]

weight_list(after reduction): [182, ]

No node is deleted.
Number of tests: 0
Time: 0 ms
***********************************************************************************************************************************************
weight_list(before reduction): [182, ]

weight_list(after reduction): [182, ]

No node is deleted.
Number of tests: 0
Time: 0 ms
***********************************************************************************************************************************************
weight_list(before reduction): [4, 4, 4, 4, 4, 4, 4, 14, 3, 5, 17, 74, 35, 6, ]

weight_list(after reduction): [4, 4, 4, 4, 4, 4, 4, 14, 3, 5, 17, 74, 35, 6, ]

No node is deleted.
Number of tests: 50
Time: 3287 ms
***********************************************************************************************************************************************
weight_list(before reduction): [3, 1, 3, 1, 3, 1, 3, 1, 3, 1, 3, 1, 3, 1, 13, 1, 2, 1, 1, 3, 1, 3, 13, 1, 1, 8, 65, 2, 18, 15, 1, 3, 2, ]

weight_list(after reduction): [3, 1, 3, 1, 3, 1, 3, 1, 3, 1, 3, 1, 3, 1, 13, 1, 2, 1, 1, 3, 1, 3, 13, 1, 1, 8, 65, 2, 18, 15, 1, 3, 2, ]

No node is deleted.
Number of tests: 126
Time: 4105 ms
***********************************************************************************************************************************************
weight_list(before reduction): [1, 1, 1, 1, 1, 1, 1, 1, 1, 1, 1, 1, 1, 1, 1, 1, 1, 1, 1, 1, 1, 1, 12, 1, 1, 1, 2, 1, 2, 1, 12, 1, 7, 1, 63, 1, 1, 1, 1, 17, 1, 13, 1, 1, 2, 1, 1, ]

weight_list(after reduction): [1, 1, 1, 1, 1, 1, 1, 1, 1, 1, 1, 1, 1, 1, 1, 1, 1, 1, 1, 1, 1, 1, 12, 1, 1, 1, 2, 1, 2, 1, 12, 1, 7, 1, 63, 1, 1, 1, 1, 17, 1, 13, 1, 1, 2, 1, 1, ]

No node is deleted.
Number of tests: 182
Time: 6293 ms
***********************************************************************************************************************************************
weight_list(before reduction): [1, 1, 9, 1, 1, 1, 1, 1, 1, 10, 1, 1, 5, 1, 4, 59, 1, 15, 1, 1, 1, 11, 1, 1, ]

weight_list(after reduction): [1, 1, 9, 1, 1, 1, 1, 1, 1, 10, 1, 1, 5, 1, 4, 59, 1, 15, 1, 1, 1, 11, 1, 1, ]

No node is deleted.
Number of tests: 90
Time: 2672 ms
***********************************************************************************************************************************************
weight_list(before reduction): [3, 3, 3, 1, 9, 2, 3, 3, 1, 1, 57, 1, 2, 13, 4, 1, 6, ]

weight_list(after reduction): [3, 3, 3, 1, 9, 2, 3, 3, 1, 1, 57, 1, 2, 13, 4, 1, 6, ]

No node is deleted.
Number of tests: 62
Time: 3071 ms
***********************************************************************************************************************************************
weight_list(before reduction): [2, 1, 2, 1, 2, 1, 2, 2, 2, 3, 1, 1, 1, 2, 2, 1, 36, 21, 1, 1, 3, 3, 3, 4, 1, 1, 2, 1, 4, 1, ]

weight_list(after reduction): [2, 1, 2, 1, 2, 1, 2, 2, 2, 3, 1, 1, 1, 2, 2, 1, 36, 21, 1, 1, 3, 3, 3, 4, 1, 1, 2, 1, 4, 1, ]

No node is deleted.
Number of tests: 114
Time: 6328 ms
***********************************************************************************************************************************************
weight_list(before reduction): [1, 1, 1, 1, 1, 1, 1, 1, 1, 1, 1, 1, 1, 2, 1, 1, 1, 1, 35, 1, 1, 19, 1, 1, 2, 1, 2, 1, 2, 1, 3, 1, 1, 3, 1, ]

weight_list(after reduction): [1, 1, 1, 1, 1, 1, 1, 1, 1, 1, 1, 1, 1, 2, 1, 1, 1, 1, 35, 1, 1, 19, 1, 1, 2, 1, 2, 1, 2, 1, 3, 1, 1, 3, 1, ]

No node is deleted.
Number of tests: 134
Time: 6275 ms
***********************************************************************************************************************************************
weight_list(before reduction): [1, 1, 1, 34, 4, 1, 14, 1, 1, 1, 1, 1, 1, 2, 1, 1, 2, ]

weight_list(after reduction): [1, 1, 1, 34, 4, 1, 14, 1, 1, 1, 1, 1, 1, 2, 1, 1, 2, ]

No node is deleted.
Number of tests: 62
Time: 3500 ms
***********************************************************************************************************************************************
weight_list(before reduction): [1, 32, 1, 1, 1, 2, 1, 12, 1, 1, 1, 1, 1, ]

weight_list(after reduction): [1, 32, 1, 1, 1, 2, 1, 12, 1, 1, 1, 1, 1, ]

No node is deleted.
Number of tests: 46
Time: 1681 ms
***********************************************************************************************************************************************
weight_list(before reduction): [3, 29, 1, 1, 4, 8, ]

weight_list(after reduction): [3, 29, 1, 1, 4, 8, ]

No node is deleted.
Number of tests: 18
Time: 977 ms
***********************************************************************************************************************************************
weight_list(before reduction): [2, 1, 2, 2, 23, 2, 3, 1, 7, 1, ]

weight_list(after reduction): [2, 1, 2, 2, 23, 2, 3, 1, 7, 1, ]

No node is deleted.
Number of tests: 34
Time: 1799 ms
***********************************************************************************************************************************************
weight_list(before reduction): [1, 1, 1, 1, 1, 1, 1, 22, 1, 1, 2, 1, 1, 1, 5, ]

weight_list(after reduction): [1, 1, 1, 1, 1, 1, 1, 22, 1, 1, 2, 1, 1, 1, 5, ]

No node is deleted.
Number of tests: 54
Time: 2312 ms
***********************************************************************************************************************************************
weight_list(before reduction): [21, 1, 1, 1, 4, 1, ]

weight_list(after reduction): [21, 1, 1, 1, 4, 1, ]

No node is deleted.
Number of tests: 18
Time: 603 ms
***********************************************************************************************************************************************
weight_list(before reduction): [1, 20, 1, 3, ]

weight_list(after reduction): [1, 20, 1, 3, ]

No node is deleted.
Number of tests: 10
Time: 282 ms
***********************************************************************************************************************************************
weight_list(before reduction): [19, 1, 1, 1, 1, ]

weight_list(after reduction): [19, 1, 1, 1, 1, ]

No node is deleted.
Number of tests: 14
Time: 794 ms
***********************************************************************************************************************************************
weight_list(before reduction): [1, 18, ]

weight_list(after reduction): [1, 18, ]

No node is deleted.
Number of tests: 2
Time: 64 ms
***********************************************************************************************************************************************
weight_list(before reduction): [17, 1, ]

weight_list(after reduction): [17, 1, ]

No node is deleted.
Number of tests: 2
Time: 56 ms
***********************************************************************************************************************************************
weight_list(before reduction): [1, 16, ]

weight_list(after reduction): [1, 16, ]

No node is deleted.
Number of tests: 2
Time: 52 ms
***********************************************************************************************************************************************
weight_list(before reduction): [15, 1, ]

weight_list(after reduction): [15, 1, ]

No node is deleted.
Number of tests: 2
Time: 61 ms
***********************************************************************************************************************************************
weight_list(before reduction): [1, 14, ]

weight_list(after reduction): [1, 14, ]

No node is deleted.
Number of tests: 2
Time: 56 ms
***********************************************************************************************************************************************
weight_list(before reduction): [13, 1, ]

weight_list(after reduction): [13, 1, ]

No node is deleted.
Number of tests: 2
Time: 56 ms
***********************************************************************************************************************************************
weight_list(before reduction): [1, 12, ]

weight_list(after reduction): [1, 12, ]

No node is deleted.
Number of tests: 2
Time: 56 ms
***********************************************************************************************************************************************
weight_list(before reduction): [11, 1, ]

weight_list(after reduction): [11, 1, ]

No node is deleted.
Number of tests: 2
Time: 47 ms
***********************************************************************************************************************************************
weight_list(before reduction): [1, 10, ]

weight_list(after reduction): [1, 10, ]

No node is deleted.
Number of tests: 2
Time: 56 ms
***********************************************************************************************************************************************
weight_list(before reduction): [9, 1, ]

weight_list(after reduction): [9, 1, ]

No node is deleted.
Number of tests: 2
Time: 49 ms
***********************************************************************************************************************************************
weight_list(before reduction): [1, 8, ]

weight_list(after reduction): [1, 8, ]

No node is deleted.
Number of tests: 2
Time: 59 ms
***********************************************************************************************************************************************
weight_list(before reduction): [7, 1, ]

weight_list(after reduction): [7, 1, ]

No node is deleted.
Number of tests: 2
Time: 61 ms
***********************************************************************************************************************************************
weight_list(before reduction): [1, 6, ]

weight_list(after reduction): [1, 6, ]

No node is deleted.
Number of tests: 2
Time: 61 ms
***********************************************************************************************************************************************
weight_list(before reduction): [5, 1, ]

weight_list(after reduction): [5, 1, ]

No node is deleted.
Number of tests: 2
Time: 56 ms
***********************************************************************************************************************************************
weight_list(before reduction): [1, 4, ]

weight_list(after reduction): [1, 4, ]

No node is deleted.
Number of tests: 2
Time: 59 ms
***********************************************************************************************************************************************
weight_list(before reduction): [1, 3, ]

weight_list(after reduction): [1, 3, ]

No node is deleted.
Number of tests: 2
Time: 71 ms
***********************************************************************************************************************************************
weight_list(before reduction): [1, 1, 1, ]

weight_list(after reduction): [1, 1, 1, ]

No node is deleted.
Number of tests: 6
Time: 160 ms
***********************************************************************************************************************************************
/tmp/benchmark
