Running with arguments: /tmp/benchmark/binaries/run_hdd_ddmin.sh /tmp/benchmark/c_benchmarks/clang-22704/r.sh /tmp/benchmark/c_benchmarks/clang-22704/small.c /tmp/benchmark/stat/hdd_wdd_ddmin_c/hdd_ddmin_0/clang-22704 /tmp/tmp8yq2_8lt
/tmp/tmp.FtVklQvOD3 /tmp/benchmark
weight_list(before reduction): [184444, ]

weight_list(after reduction): [184444, ]

No node is deleted.
Number of tests: 0
Time: 0 ms
***********************************************************************************************************************************************
weight_list(before reduction): [184444, ]

weight_list(after reduction): [184444, ]

No node is deleted.
Number of tests: 0
Time: 0 ms
***********************************************************************************************************************************************
weight_list(before reduction): [5, 5, 5, 4, 6, 5, 6, 5, 7, 10, 23, 19, 15, 21, 21, 19, 55, 55, 79, 72, 62, 54, 15, 21, 21, 19, 57, 57, 79, 72, 62, 54, 32, 84, 66, 143, 57, 57, 79, 72, 62, 54, 32, 84, 66, 143, 57, 57, 79, 72, 62, 54, 15, 19, 19, 31, 33, 33, 73, 66, 56, 46, 15, 19, 19, 31, 33, 33, 73, 66, 56, 46, 15, 19, 19, 31, 33, 33, 73, 66, 56, 46, 15, 19, 19, 33, 33, 33, 73, 66, 56, 46, 48, 48, 52, 73, 48, 48, 52, 73, 48, 7, 6, 88, 32, 97, 38, 63, 4, 29, 9, 25, 13, 6, 6, 6, 323, 6, 6, 635, 24, 9, 6, 6, 6, 6, 6, 6, 25, 144, 6, 25, 6, 7, 9, 13, 14, 9, 11, 16, 14, 9, 20, 44236, 822, 26107, 1763, 45343, 9825, 32980, 582, 14673, 1111, 728, ]

weight_list(after reduction): [5, 5, 4, 6, 5, 6, 5, 7, 19, 15, 21, 21, 55, 79, 72, 62, 54, 15, 21, 21, 57, 79, 72, 62, 54, 32, 84, 66, 143, 57, 32, 84, 66, 57, 15, 19, 19, 33, 73, 66, 56, 46, 15, 19, 19, 33, 73, 66, 56, 46, 15, 19, 19, 33, 15, 19, 19, 33, 7, 6, 88, 32, 97, 38, 29, 9, 25, 13, 6, 6, 6, 323, 6, 6, 635, 24, 9, 6, 6, 6, 6, 6, 6, 25, 144, 6, 25, 6, 9, 13, 14, 9, 11, 16, 14, 9, 20, 44236, 822, 26107, 45343, 9825, 32980, 582, 14673, 1111, 728, ]

[Length of the list before reduction: 154]
[Length of the list after reduction: 107]
Sum of weight before reduction: 184444
Sum of weight after reduction: 180398
Token reduced: 4046
Average weight before reduction: 1197.6883116883116
Average weight after reduction: 1685.96261682243
Number of tests: 1557
Time: 2978711 ms
***********************************************************************************************************************************************
weight_list(before reduction): [4, 1, 4, 1, 3, 1, 5, 1, 4, 1, 5, 1, 4, 1, 6, 1, 2, 8, 9, 2, 7, 6, 2, 10, 9, 2, 10, 9, 2, 10, 43, 2, 10, 67, 2, 11, 59, 2, 10, 50, 2, 11, 41, 2, 7, 6, 2, 10, 9, 2, 10, 9, 2, 10, 45, 2, 10, 67, 2, 11, 59, 2, 10, 50, 2, 11, 41, 2, 7, 23, 2, 10, 72, 2, 10, 54, 2, 10, 131, 2, 10, 45, 2, 7, 23, 2, 10, 72, 2, 10, 54, 2, 10, 45, 2, 7, 6, 2, 10, 7, 2, 10, 7, 2, 10, 21, 2, 10, 61, 2, 11, 53, 2, 10, 44, 2, 11, 33, 2, 7, 6, 2, 10, 7, 2, 10, 7, 2, 10, 21, 2, 10, 61, 2, 11, 53, 2, 10, 44, 2, 11, 33, 2, 7, 6, 2, 10, 7, 2, 10, 7, 2, 10, 21, 2, 7, 6, 2, 10, 7, 2, 10, 7, 2, 10, 21, 2, 4, 1, 2, 3, 1, 2, 4, 82, 2, 5, 25, 2, 5, 90, 2, 12, 24, 28, 1, 2, 6, 1, 3, 21, 1, 2, 10, 1, 2, 3, 1, 2, 3, 1, 2, 3, 1, 2, 320, 1, 2, 3, 1, 2, 3, 1, 2, 632, 1, 3, 20, 1, 2, 6, 1, 2, 3, 1, 2, 3, 1, 2, 3, 1, 2, 3, 1, 2, 3, 1, 2, 3, 1, 3, 21, 1, 2, 141, 1, 2, 3, 1, 2, 22, 1, 2, 3, 1, 3, 5, 1, 3, 9, 1, 2, 11, 1, 3, 5, 1, 2, 8, 1, 3, 12, 1, 2, 11, 1, 3, 5, 1, 2, 17, 1, 2, 4, 44230, 3, 5, 814, 3, 9, 26095, 3, 5, 45335, 2, 8, 9815, 3, 12, 32965, 2, 11, 569, 3, 5, 14665, 2, 17, 1092, 1, 4, 723, ]

weight_list(after reduction): [4, 1, 4, 1, 3, 1, 5, 1, 4, 1, 5, 1, 4, 1, 6, 1, 2, 8, 9, 2, 7, 6, 2, 10, 9, 2, 10, 9, 2, 10, 43, 2, 10, 67, 2, 11, 59, 2, 10, 50, 2, 11, 41, 2, 7, 6, 2, 10, 9, 2, 10, 9, 2, 10, 45, 2, 10, 67, 2, 11, 59, 2, 10, 50, 2, 11, 41, 2, 7, 23, 2, 10, 72, 2, 10, 54, 2, 10, 131, 2, 10, 45, 2, 7, 23, 2, 10, 72, 2, 10, 54, 2, 10, 45, 2, 7, 6, 2, 10, 7, 2, 10, 7, 2, 10, 21, 2, 10, 61, 2, 11, 53, 2, 10, 44, 2, 11, 33, 2, 7, 6, 2, 10, 7, 2, 10, 7, 2, 10, 21, 2, 10, 61, 2, 11, 53, 2, 10, 44, 2, 11, 33, 2, 7, 6, 2, 10, 7, 2, 10, 7, 2, 10, 21, 2, 7, 6, 2, 10, 7, 2, 10, 7, 2, 10, 21, 2, 4, 1, 2, 3, 1, 2, 4, 82, 2, 5, 25, 2, 5, 90, 2, 12, 24, 28, 1, 2, 6, 1, 3, 21, 1, 2, 10, 1, 2, 3, 1, 2, 3, 1, 2, 3, 1, 2, 320, 1, 2, 3, 1, 2, 3, 1, 2, 632, 1, 3, 20, 1, 2, 6, 1, 2, 3, 1, 2, 3, 1, 2, 3, 1, 2, 3, 1, 2, 3, 1, 2, 3, 1, 3, 21, 1, 2, 141, 1, 2, 3, 1, 2, 22, 1, 2, 3, 1, 3, 5, 1, 3, 9, 1, 2, 11, 1, 3, 5, 1, 2, 8, 1, 3, 12, 1, 2, 11, 1, 3, 5, 1, 2, 17, 1, 2, 4, 44230, 3, 5, 814, 3, 9, 26095, 3, 5, 45335, 2, 8, 9815, 3, 12, 32965, 2, 11, 569, 3, 5, 14665, 2, 17, 1092, 1, 4, 723, ]

No node is deleted.
Number of tests: 1242
Time: 1255557 ms
***********************************************************************************************************************************************
weight_list(before reduction): [1, 1, 1, 1, 1, 1, 1, 1, 1, 1, 1, 1, 1, 1, 1, 1, 1, 1, 1, 1, 1, 1, 1, 1, 1, 1, 1, 1, 1, 1, 1, 1, 1, 1, 1, 1, 1, 1, 7, 1, 7, 1, 1, 1, 3, 4, 1, 4, 1, 1, 1, 3, 7, 1, 7, 1, 1, 1, 3, 7, 1, 7, 1, 1, 1, 3, 7, 1, 41, 1, 1, 1, 3, 7, 1, 65, 1, 1, 1, 3, 8, 1, 57, 1, 1, 1, 3, 7, 1, 48, 1, 1, 1, 3, 8, 1, 39, 1, 1, 1, 3, 4, 1, 4, 1, 1, 1, 3, 7, 1, 7, 1, 1, 1, 3, 7, 1, 7, 1, 1, 1, 3, 7, 1, 43, 1, 1, 1, 3, 7, 1, 65, 1, 1, 1, 3, 8, 1, 57, 1, 1, 1, 3, 7, 1, 48, 1, 1, 1, 3, 8, 1, 39, 1, 1, 1, 3, 4, 1, 21, 1, 1, 1, 3, 7, 1, 70, 1, 1, 1, 3, 7, 1, 52, 1, 1, 1, 3, 7, 1, 129, 1, 1, 1, 3, 7, 1, 43, 1, 1, 1, 3, 4, 1, 21, 1, 1, 1, 3, 7, 1, 70, 1, 1, 1, 3, 7, 1, 52, 1, 1, 1, 3, 7, 1, 43, 1, 1, 1, 3, 4, 1, 4, 1, 1, 1, 3, 7, 1, 5, 1, 1, 1, 3, 7, 1, 5, 1, 1, 1, 3, 7, 1, 19, 1, 1, 1, 3, 7, 1, 59, 1, 1, 1, 3, 8, 1, 51, 1, 1, 1, 3, 7, 1, 42, 1, 1, 1, 3, 8, 1, 31, 1, 1, 1, 3, 4, 1, 4, 1, 1, 1, 3, 7, 1, 5, 1, 1, 1, 3, 7, 1, 5, 1, 1, 1, 3, 7, 1, 19, 1, 1, 1, 3, 7, 1, 59, 1, 1, 1, 3, 8, 1, 51, 1, 1, 1, 3, 7, 1, 42, 1, 1, 1, 3, 8, 1, 31, 1, 1, 1, 3, 4, 1, 4, 1, 1, 1, 3, 7, 1, 5, 1, 1, 1, 3, 7, 1, 5, 1, 1, 1, 3, 7, 1, 19, 1, 1, 1, 3, 4, 1, 4, 1, 1, 1, 3, 7, 1, 5, 1, 1, 1, 3, 7, 1, 5, 1, 1, 1, 3, 7, 1, 19, 1, 1, 1, 1, 3, 1, 1, 1, 2, 1, 1, 1, 3, 1, 80, 1, 1, 1, 1, 4, 1, 23, 1, 1, 1, 1, 4, 1, 88, 1, 1, 1, 1, 11, 1, 22, 1, 1, 27, 1, 1, 1, 5, 1, 2, 1, 20, 1, 1, 4, 6, 1, 1, 1, 2, 1, 1, 1, 2, 1, 1, 1, 2, 1, 1, 10, 310, 1, 1, 1, 2, 1, 1, 1, 2, 1, 1, 10, 622, 1, 2, 1, 19, 1, 1, 1, 5, 1, 1, 1, 2, 1, 1, 1, 2, 1, 1, 1, 2, 1, 1, 1, 2, 1, 1, 1, 2, 1, 1, 1, 2, 1, 2, 1, 20, 1, 1, 7, 134, 1, 1, 1, 2, 1, 1, 4, 18, 1, 1, 1, 2, 1, 1, 1, 1, 4, 1, 1, 1, 1, 8, 1, 1, 1, 10, 1, 1, 1, 1, 4, 1, 1, 1, 7, 1, 1, 1, 1, 11, 1, 1, 1, 10, 1, 1, 1, 1, 4, 1, 1, 1, 16, 1, 1, 1, 3, 1, 44228, 1, 1, 1, 1, 1, 4, 1, 812, 1, 1, 1, 1, 1, 8, 1, 26093, 1, 1, 1, 1, 1, 4, 1, 45333, 1, 1, 1, 1, 7, 1, 9813, 1, 1, 1, 1, 1, 11, 1, 32963, 1, 1, 1, 1, 10, 1, 567, 1, 1, 1, 1, 1, 4, 1, 14663, 1, 1, 1, 1, 16, 1, 1090, 1, 1, 3, 1, 721, 1, ]

weight_list(after reduction): [1, 1, 1, 1, 1, 1, 1, 1, 1, 1, 1, 1, 1, 1, 1, 1, 1, 1, 1, 1, 1, 1, 1, 1, 1, 1, 7, 1, 1, 1, 3, 4, 1, 4, 1, 1, 3, 7, 1, 7, 1, 1, 3, 7, 1, 7, 1, 1, 3, 7, 1, 41, 1, 1, 3, 7, 1, 65, 1, 1, 3, 8, 1, 57, 1, 1, 3, 7, 1, 48, 1, 1, 3, 8, 1, 39, 1, 1, 3, 4, 1, 4, 1, 1, 3, 7, 1, 7, 1, 1, 3, 7, 1, 7, 1, 1, 3, 7, 1, 43, 1, 1, 3, 7, 1, 65, 1, 1, 3, 8, 1, 57, 1, 1, 3, 7, 1, 48, 1, 1, 3, 8, 1, 39, 1, 1, 3, 4, 1, 21, 1, 1, 3, 7, 1, 70, 1, 1, 3, 7, 1, 52, 1, 1, 3, 7, 1, 129, 1, 1, 3, 7, 1, 43, 1, 1, 3, 4, 1, 21, 1, 1, 3, 7, 1, 70, 1, 1, 3, 7, 1, 52, 1, 1, 3, 7, 1, 43, 1, 1, 3, 4, 1, 4, 1, 1, 3, 7, 1, 5, 1, 1, 3, 7, 1, 5, 1, 1, 3, 7, 1, 19, 1, 1, 3, 7, 1, 59, 1, 1, 3, 8, 1, 51, 1, 1, 3, 7, 1, 42, 1, 1, 3, 8, 1, 31, 1, 1, 3, 4, 1, 4, 1, 1, 3, 7, 1, 5, 1, 1, 3, 7, 1, 5, 1, 1, 3, 7, 1, 19, 1, 1, 3, 7, 1, 59, 1, 1, 3, 8, 1, 51, 1, 1, 3, 7, 1, 42, 1, 1, 3, 8, 1, 31, 1, 1, 3, 4, 1, 4, 1, 1, 3, 7, 1, 5, 1, 1, 3, 7, 1, 5, 1, 1, 3, 7, 1, 19, 1, 1, 3, 4, 1, 4, 1, 1, 3, 7, 1, 5, 1, 1, 3, 7, 1, 5, 1, 1, 3, 7, 1, 19, 1, 1, 1, 1, 1, 1, 1, 3, 1, 1, 1, 1, 4, 1, 1, 1, 1, 4, 1, 1, 1, 1, 11, 1, 1, 1, 27, 1, 1, 2, 1, 1, 1, 4, 1, 1, 1, 1, 1, 1, 1, 10, 1, 1, 1, 1, 1, 10, 2, 1, 1, 1, 1, 1, 1, 1, 1, 1, 1, 1, 1, 1, 1, 1, 2, 1, 1, 7, 1, 1, 1, 4, 1, 1, 1, 1, 4, 1, 1, 8, 1, 1, 10, 1, 1, 4, 1, 1, 7, 1, 1, 11, 1, 1, 10, 1, 1, 4, 1, 1, 16, 1, 1, 3, 1, 44228, 1, 1, 1, 4, 1, 812, 1, 1, 1, 8, 1, 26093, 1, 1, 1, 4, 1, 45333, 1, 1, 1, 7, 1, 9813, 1, 1, 1, 11, 1, 32963, 1, 1, 1, 10, 1, 567, 1, 1, 1, 4, 1, 14663, 1, 1, 1, 16, 1, 1090, 1, 1, 3, 1, 1, ]

[Length of the list before reduction: 629]
[Length of the list after reduction: 481]
Sum of weight before reduction: 180354
Sum of weight after reduction: 178106
Token reduced: 2248
Average weight before reduction: 286.731319554849
Average weight after reduction: 370.28274428274426
Number of tests: 32828
Time: 37666116 ms
***********************************************************************************************************************************************
weight_list(before reduction): [1, 5, 1, 1, 1, 1, 1, 2, 1, 3, 1, 1, 1, 1, 1, 5, 1, 6, 1, 1, 1, 1, 1, 5, 1, 6, 1, 1, 1, 1, 1, 5, 1, 40, 1, 1, 1, 1, 1, 5, 1, 64, 1, 1, 1, 1, 1, 6, 1, 56, 1, 1, 1, 1, 1, 5, 1, 47, 1, 1, 1, 1, 1, 6, 1, 38, 1, 1, 1, 1, 1, 2, 1, 3, 1, 1, 1, 1, 1, 5, 1, 6, 1, 1, 1, 1, 1, 5, 1, 6, 1, 1, 1, 1, 1, 5, 1, 42, 1, 1, 1, 1, 1, 5, 1, 64, 1, 1, 1, 1, 1, 6, 1, 56, 1, 1, 1, 1, 1, 5, 1, 47, 1, 1, 1, 1, 1, 6, 1, 38, 1, 1, 1, 1, 1, 2, 1, 20, 1, 1, 1, 1, 1, 5, 1, 69, 1, 1, 1, 1, 1, 5, 1, 51, 1, 1, 1, 1, 1, 5, 1, 128, 1, 1, 1, 1, 1, 5, 1, 42, 1, 1, 1, 1, 1, 2, 1, 20, 1, 1, 1, 1, 1, 5, 1, 69, 1, 1, 1, 1, 1, 5, 1, 51, 1, 1, 1, 1, 1, 5, 1, 42, 1, 1, 1, 1, 1, 2, 1, 3, 1, 1, 1, 1, 1, 5, 1, 4, 1, 1, 1, 1, 1, 5, 1, 4, 1, 1, 1, 1, 1, 5, 1, 18, 1, 1, 1, 1, 1, 5, 1, 58, 1, 1, 1, 1, 1, 6, 1, 50, 1, 1, 1, 1, 1, 5, 1, 41, 1, 1, 1, 1, 1, 6, 1, 30, 1, 1, 1, 1, 1, 2, 1, 3, 1, 1, 1, 1, 1, 5, 1, 4, 1, 1, 1, 1, 1, 5, 1, 4, 1, 1, 1, 1, 1, 5, 1, 18, 1, 1, 1, 1, 1, 5, 1, 58, 1, 1, 1, 1, 1, 6, 1, 50, 1, 1, 1, 1, 1, 5, 1, 41, 1, 1, 1, 1, 1, 6, 1, 30, 1, 1, 1, 1, 1, 2, 1, 3, 1, 1, 1, 1, 1, 5, 1, 4, 1, 1, 1, 1, 1, 5, 1, 4, 1, 1, 1, 1, 1, 5, 1, 18, 1, 1, 1, 1, 1, 2, 1, 3, 1, 1, 1, 1, 1, 5, 1, 4, 1, 1, 1, 1, 1, 5, 1, 4, 1, 1, 1, 1, 1, 5, 1, 18, 1, 1, 1, 1, 1, 2, 1, 1, 2, 1, 1, 9, 1, 1, 1, 24, 1, 1, 1, 1, 3, 1, 9, 1, 9, 1, 1, 1, 1, 1, 6, 1, 3, 1, 2, 1, 1, 6, 1, 1, 8, 1, 1, 2, 1, 1, 5, 1, 1, 9, 1, 1, 8, 1, 1, 2, 1, 1, 14, 1, 1, 1, 1, 5, 5, 5, 5, 5, 133, 5, 8, 5, 5, 22, 3, 44006, 11, 5, 1, 2, 1, 5, 9, 4, 9, 16, 102, 4, 7, 56, 5, 9, 9, 7, 10, 18, 11, 10, 18, 10, 10, 10, 6, 16, 11, 7, 41, 9, 10, 7, 30, 33, 13, 56, 59, 9, 6, 4, 7, 13, 4, 7, 18, 50, 24, 9, 6, 15, 3, 1, 6, 1, 5, 8, 5, 5, 6, 3, 7, 17, 7, 15, 6, 13, 10, 2, 17, 17, 18, 7, 9, 4, 6, 7, 7, 4, 7, 358, 11, 9, 7, 9, 7, 9, 7, 7, 5, 9, 4, 24, 9, 10, 12, 4, 9, 2, 222, 9, 7, 4, 10, 25, 329, 7, 4, 25, 4, 9, 2, 4, 22, 7, 70, 4, 6, 7, 22, 7, 9, 4, 6, 11, 10, 7, 10, 9, 10, 7, 9, 4, 5, 814, 6, 7, 7, 7, 7, 9, 18, 20, 10, 814, 9, 6, 11, 9, 6, 7, 9, 684, 7, 50, 9, 9, 9, 7, 20, 9, 82, 25, 9, 59, 10, 30, 15, 13, 9, 9, 20, 7, 4, 28, 17, 7, 7, 7, 4, 9, 13, 16, 204, 17, 12, 6, 7, 7, 6, 982, 10, 9, 6, 20, 146, 7, 249, 7, 6, 9, 9, 20, 10, 156, 9, 16, 5, 9, 82, 4, 7, 16, 10, 6, 7, 9, 7, 7, 16, 10, 10, 9, 7, 12, 15, 10, 7, 18, 16, 7, 20, 4, 17, 9, 20, 7, 7, 4, 180, 7, 156, 9, 16, 7, 30, 9, 4, 10, 4, 17, 11, 9, 25, 7, 4, 10, 7, 4, 181, 9, 10, 7, 7, 7, 7, 82, 4, 17, 16, 20, 146, 7, 7, 6, 196, 10, 18, 101, 163, 10, 7, 59, 4, 4, 4, 56, 358, 7, 7, 9, 9, 6, 7, 7, 4, 7, 358, 9, 529, 1, 9, 7, 9, 17, 18, 4, 7, 9, 50, 7, 5, 47, 7, 16, 9, 10, 9, 7, 9, 10, 10, 11, 9, 7, 7, 10, 13, 13, 7, 15, 7, 5, 622, 4, 7, 9, 10, 5, 529, 1, 7, 20, 10, 7, 7, 4, 7, 13, 10, 9, 7, 4, 7, 59, 7, 17, 7, 28, 10, 22, 7, 7, 16, 4, 20, 20, 41, 6, 9, 56, 10, 580, 1, 20, 11, 11, 12, 9, 9, 9, 5, 180, 15, 6, 77, 9, 7, 17, 4, 30, 7, 7, 9, 56, 15, 9, 17, 4, 7, 146, 5, 15, 7, 17, 180, 10, 9, 15, 6, 9, 10, 39, 6, 11, 16, 7, 9, 82, 9, 7, 9, 7, 9, 814, 7, 10, 10, 7, 9, 4, 7, 146, 17, 9, 16, 33, 59, 10, 7, 7, 9, 7, 10, 18, 10, 11, 7, 13, 12, 16, 10, 10, 6, 9, 7, 16, 7, 59, 9, 11, 9, 204, 7, 9, 4, 47, 7, 9, 9, 41, 10, 156, 18, 9, 4, 20, 9, 7, 81, 4, 16, 24, 7, 17, 9, 9, 9, 56, 33, 17, 16, 7, 7, 9, 9, 16, 529, 1, 17, 10, 7, 163, 7, 7, 18, 59, 7, 7, 20, 10, 9, 18, 9, 39, 15, 7, 9, 180, 9, 7, 358, 50, 30, 17, 4, 10, 7, 9, 20, 10, 163, 7, 7, 6, 59, 4, 7, 16, 7, 7, 13, 50, 7, 7, 17, 6, 9, 6, 529, 1, 9, 59, 16, 9, 10, 4, 9, 18, 17, 10, 10, 156, 18, 9, 7, 9, 41, 4, 16, 10, 7, 17, 7, 6, 146, 4, 9, 9, 17, 9, 9, 4, 4, 7, 814, 7, 9, 7, 146, 7, 4, 18, 17, 4, 7, 529, 1, 20, 5, 10, 20, 10, 20, 4, 7, 9, 10, 10, 13, 9, 10, 7, 7, 4, 9, 10, 7, 4, 7, 7, 4, 7, 9, 10, 7, 180, 7, 7, 40, 9, 824, 82, 18, 9, 18, 9, 7, 7, 4, 156, 7, 47, 10, 358, 11, 9, 7, 7, 18, 6, 59, 6, 7, 7, 10, 13, 47, 5, 16, 7, 10, 7, 6, 50, 10, 6, 9, 7, 4, 9, 9, 9, 16, 13, 2503, 47, 6, 10, 17, 4, 9, 4, 7, 7, 9, 20, 10, 6, 1, 2, 1, 22, 5, 5, 5, 22, 5, 5, 6, 3, 10, 40, 5, 7, 9, 18, 9, 50, 29, 9, 7, 6, 17, 7, 9, 8, 7, 10, 9, 10, 16, 7, 4, 9, 6, 41, 18, 5, 7, 34, 10, 6, 41, 7, 16, 30, 7, 7, 59, 22, 16, 59, 8, 7, 9, 6, 4, 19, 9, 4, 4, 29, 7, 10, 4, 10, 6, 7, 20, 7, 9, 7, 4, 50, 15, 20, 11, 56, 4, 7, 22, 22, 4, 18, 9, 6, 7, 17, 11, 72, 18, 7, 11, 7, 15, 7, 25, 6, 29, 20, 9, 16, 5, 7, 16, 16, 33, 10, 7, 5, 7, 30, 6, 7, 6, 42709, 7, 11, 20, 5, 20, 11, 7, 7, 9, 9, 11, 7, 11, 5, 7, 4, 7, 9, 6, 7, 7, 9, 7, 10, 9, 10, 10, 30, 9, 4, 7, 7, 4, 9, 22, 17, 6, 7, 9, 16, 7, 10, 7, 9, 9, 18, 7, 7, 7, 7, 10, 9, 7, 4, 9, 7, 10, 7, 4, 10, 41, 7, 12, 6, 9, 9, 33, 16, 4, 9, 7, 6, 4, 7, 12, 7, 9, 17, 10, 9, 9, 4, 4, 6, 4, 7, 6, 9, 18, 7, 11, 9, 20, 17, 9, 4, 40, 5, 1, 5, 1, 8, 5, 5, 23, 6, 5, 5, 5, 18, 5, 5, 6, 5, 23, 5, 8, 5, 3, 15, 90, 16, 22, 4, 4, 7, 4, 7, 12, 9, 73, 9, 6, 4, 42, 10, 9, 7, 16, 39, 11, 17, 12, 35, 10, 9, 7, 35, 4, 9, 27, 4, 6, 13, 16, 10, 10, 42, 9, 17, 10, 4, 25, 18, 9, 4, 35, 18, 7, 17, 15, 24, 22, 7, 11, 35, 33, 13, 17, 24, 7, 20, 4, 9, 11, 4, 4, 7, 10, 9, 4, 30, 10, 7, 11, 10, 6, 10, 20, 39, 7, 9, 7, 16, 6, 7, 7, 11, 17, 21, 20, 7, 7, 7, 16, 7, 15, 7, 7, 15, 50, 7, 7, 4, 17, 7, 9, 7, 40, 7, 9, 7, 4, 28, 17, 7, 4, 9, 7, 22, 7, 6, 10, 56, 7, 39, 13, 7, 7, 7, 18, 25, 35, 16, 10, 4, 50, 9, 11, 9, 27, 83, 9, 9, 13, 4, 7, 10, 4, 51, 7, 15, 33, 7, 9, 10, 4, 10, 7, 10, 25, 7, 11, 9, 15, 16, 7, 7, 9, 6, 10, 7, 11, 51, 15, 83, 39, 73, 7, 20, 20, 7, 9, 9, 7, 7, 7, 7, 7, 51, 9, 10, 9, 7, 7, 7, 17, 56, 7, 16, 16, 6, 40, 10, 56, 17, 7, 7, 4, 4, 9, 7, 30, 7, 20, 63, 10, 41, 7, 7, 13, 83, 42, 11, 50, 74, 7, 57, 1, 4, 30, 7, 28, 30, 9, 50, 7, 7, 22, 17, 83, 9, 7, 7, 7, 17, 63, 6, 9, 25, 7, 7, 7, 28, 7, 13, 30, 7, 7, 11, 10, 39, 10, 24, 9, 10, 7, 20, 4, 7, 4, 6, 57, 1, 6, 7, 35, 17, 2666, 8, 24, 30, 41, 7, 10, 7, 7, 7, 7, 7, 4, 7, 13, 6, 7, 30, 20, 6, 9, 7, 7, 20, 4, 9, 7, 137, 7, 7, 59, 4, 6, 40, 9, 20, 4, 4, 9, 18, 4, 7, 9, 22, 9, 74, 4, 4, 24, 47, 7, 4, 17, 47, 9, 18, 7, 9, 22, 42, 16, 20, 20, 4, 9, 9, 22, 7, 7, 7, 30, 7, 10, 56, 16, 16, 10, 4, 7, 7, 10, 41, 9, 13, 7, 18, 27, 16, 6, 20, 9, 51, 7, 7, 35, 6, 56, 42, 7, 10, 17, 11, 6, 6, 7, 4, 24, 18, 40, 7, 7, 63, 11, 35, 9, 7, 56, 30, 6, 10, 7, 7, 4, 7, 9, 41, 16, 7, 17, 5, 90, 10, 4, 3, 1, 9, 1, 22, 5, 17, 9, 31, 1, 169, 16, 4, 191, 7, 3215, 18, 51, 39, 7, 30, 7, 9, 707, 1, 9, 44, 11, 9, 4, 7, 3124, 16, 9, 6, 16, 144, 294, 4, 85, 11, 6, 7, 9, 7, 9, 9, 7, 7, 7, 9, 7, 16, 7, 31, 1, 41, 98, 7, 3205, 1, 59, 7, 21, 1, 56, 40, 7, 1287, 44, 9, 59, 7, 18, 56, 10, 22, 9, 9, 9, 7, 5, 59, 9, 7, 50, 3205, 1, 10, 25, 6, 30, 45, 221, 11, 4, 11, 117, 16, 17, 9, 4, 7, 3205, 1, 98, 7, 7, 24, 7, 9, 4, 85, 7, 11, 98, 7, 10, 10, 4, 9, 117, 25, 16, 40, 7, 85, 3190, 7, 56, 10, 11, 40, 7, 4, 417, 7, 40, 7, 3205, 1, 221, 9, 17, 59, 22, 4, 7, 9, 10, 18, 13, 9, 6, 11, 15, 33, 18, 7, 17, 212, 9, 7, 10, 44, 9, 31, 1, 7, 30, 7, 7, 7, 7, 4, 6, 10, 3161, 1, 7, 7, 212, 4, 9, 30, 10, 5, 10, 4, 237, 12, 1, 8, 1, 5, 5, 5, 7, 4, 9, 10, 4, 4, 7, 9, 30, 9, 7, 6, 2, 9, 33, 7, 55, 9, 6, 4, 7, 9, 25, 10, 16, 41, 9, 7, 30, 9, 9, 30, 47, 50, 9, 10, 3, 1, 2, 1, 8, 5, 5, 5, 5, 5, 8, 6, 3, 7, 31, 141, 24, 4, 9, 7, 6, 9, 9, 25, 17, 19, 4, 39, 4, 9, 4, 20, 7, 7, 7, 11, 33, 10, 14, 62, 8, 40, 39, 10, 7, 7, 33, 9, 6, 31, 39, 47, 193, 10, 7, 66, 4, 11, 141, 11, 18, 56, 9, 6, 11, 7, 9, 6, 7, 9, 7, 90, 11, 7, 18, 65, 10, 7, 16, 126, 4, 18, 44, 9, 7, 9, 6, 9, 18, 10, 10, 9, 24, 9, 10, 6, 10, 52, 7, 7, 59, 18, 193, 17, 7, 18, 11, 17, 44, 6, 44, 52, 39, 9, 33, 44, 10, 7, 9, 17, 7, 9, 9, 7, 24, 7, 7, 2, 31, 9, 9, 10, 9, 7, 10, 14, 9, 256, 9, 9, 9, 39, 90, 7, 7, 177, 10, 10, 10, 17, 7, 33, 31, 4, 7, 10, 44, 193, 4, 7, 18, 16, 44, 59, 7, 81, 24, 4, 193, 10, 11, 7, 7, 141, 6, 16, 7, 7, 7, 30, 13, 6, 15, 62, 7, 17, 33, 41, 10, 35, 7, 193, 10, 7, 9, 39, 9, 10, 4, 7, 40, 9, 7, 9, 7, 9, 92, 6, 30, 7, 17, 7, 7, 11, 26, 49, 6, 59, 7, 126, 5, 10, 109, 4, 10, 11, 10, 7, 5, 24, 7, 51, 7, 16, 39, 193, 5, 186, 9, 17, 62, 24, 7, 44, 9, 9, 4, 7, 4, 193, 186, 7, 9, 51, 186, 24, 4, 126, 81, 33, 24, 20, 4, 51, 4, 16, 4, 9, 18, 7, 18, 4, 10, 7, 18, 6, 7, 7, 7, 92, 4, 7, 7, 9, 18, 6, 9, 15, 4, 9, 22, 126, 10, 7, 41, 7, 9, 33, 7, 10, 9, 9, 4, 4, 7, 6, 4, 9, 30, 62, 92, 7, 92, 6, 9, 10, 7, 10, 14, 82, 4, 6, 126, 14, 4, 7, 10, 92, 6, 52, 7, 25, 4, 22, 17, 9, 10, 41, 141, 7, 194, 186, 18, 193, 51, 81, 7, 44, 7, 7, 44, 16, 52, 4, 7, 10, 7, 11, 7, 7, 18, 7, 47, 9, 25, 126, 7, 177, 44, 10, 141, 9, 126, 20, 7, 9, 7, 9, 186, 17, 17, 9, 9, 9, 41, 31, 126, 17, 141, 9, 4, 44, 98, 30, 6, 62, 4, 25, 10, 15, 7, 25, 6, 25, 9, 11, 7, 10, 6, 7, 9, 33, 10, 4, 11, 51, 7, 7, 22, 16, 16, 15, 7, 81, 7, 17, 10, 90, 14, 7, 31, 33, 126, 7, 43, 59, 25, 2, 31, 17, 9, 20, 9, 52, 50, 7, 9, 4, 7, 4, 7, 9, 2, 4, 30, 9, 126, 20, 44, 177, 6, 7, 13, 9, 15, 14, 16, 14, 59, 33, 31, 9, 24, 4, 14, 7, 10, 7, 17, 47, 9, 31, 7, 9, 7, 16, 4, 52, 10, 7, 50, 7, 7, 9, 7, 25, 7, 9, 4, 9, 7, 7, 9, 9, 62, 40, 9, 22, 9, 9, 10, 7, 7, 33, 7, 4, 7, 4, 4, 7, 18, 13, 38, 11, 7, 10, 10, 9, 9, 40, 7, 4, 41, 33, 39, 7, 20, 18, 3, 1, 14, 1, 9, 7, 16, 9, 15, 9, 7, 39, 7, 4, 4, 33, 10, 9, 7, 13, 9, 4, 9, 30, 4, 10, 9, 17, 10, 16, 9, 7, 4, 24, 4, 9, 21, 1, 4, 16, 4, 9, 41, 41, 10, 17, 21, 1, 10, 16, 7, 59, 24, 16, 7, 9, 4, 5, 9, 7, 7, 30, 7, 33, 30, 13, 9, 56, 7, 7, 9, 9, 30, 9, 10, 20, 13, 9, 5, 7, 33, 5, 1, 1, 1, ]

weight_list(after reduction): [1, 1, 1, 1, 1, 1, 2, 1, 3, 1, 1, 1, 1, 1, 5, 1, 6, 1, 1, 1, 1, 1, 5, 1, 6, 1, 1, 1, 1, 1, 5, 1, 40, 1, 1, 1, 1, 1, 5, 1, 64, 1, 1, 1, 1, 1, 6, 1, 56, 1, 1, 1, 1, 1, 5, 1, 47, 1, 1, 1, 1, 1, 6, 1, 38, 1, 1, 1, 1, 1, 2, 1, 3, 1, 1, 1, 1, 1, 5, 1, 6, 1, 1, 1, 1, 1, 5, 1, 6, 1, 1, 1, 1, 1, 5, 1, 42, 1, 1, 1, 1, 1, 5, 1, 64, 1, 1, 1, 1, 1, 6, 1, 56, 1, 1, 1, 1, 1, 5, 1, 47, 1, 1, 1, 1, 1, 6, 1, 38, 1, 1, 1, 1, 1, 2, 1, 20, 1, 1, 1, 1, 1, 5, 1, 69, 1, 1, 1, 1, 1, 5, 1, 51, 1, 1, 1, 1, 1, 5, 1, 128, 1, 1, 1, 1, 1, 5, 1, 42, 1, 1, 1, 1, 1, 2, 1, 20, 1, 1, 1, 1, 1, 5, 1, 69, 1, 1, 1, 1, 1, 5, 1, 51, 1, 1, 1, 1, 1, 5, 1, 42, 1, 1, 1, 1, 1, 2, 1, 3, 1, 1, 1, 1, 1, 5, 1, 4, 1, 1, 1, 1, 1, 5, 1, 4, 1, 1, 1, 1, 1, 5, 1, 18, 1, 1, 1, 1, 1, 5, 1, 58, 1, 1, 1, 1, 1, 6, 1, 50, 1, 1, 1, 1, 1, 5, 1, 41, 1, 1, 1, 1, 1, 6, 1, 30, 1, 1, 1, 1, 1, 2, 1, 3, 1, 1, 1, 1, 1, 5, 1, 4, 1, 1, 1, 1, 1, 5, 1, 4, 1, 1, 1, 1, 1, 5, 1, 18, 1, 1, 1, 1, 1, 5, 1, 58, 1, 1, 1, 1, 1, 6, 1, 50, 1, 1, 1, 1, 1, 5, 1, 41, 1, 1, 1, 1, 1, 6, 1, 30, 1, 1, 1, 1, 1, 2, 1, 3, 1, 1, 1, 1, 1, 5, 1, 4, 1, 1, 1, 1, 1, 5, 1, 4, 1, 1, 1, 1, 1, 5, 1, 18, 1, 1, 1, 1, 1, 2, 1, 3, 1, 1, 1, 1, 1, 5, 1, 4, 1, 1, 1, 1, 1, 5, 1, 4, 1, 1, 1, 1, 1, 5, 1, 18, 1, 1, 1, 1, 1, 1, 1, 1, 1, 1, 1, 24, 1, 1, 1, 1, 3, 1, 9, 1, 1, 1, 1, 1, 1, 1, 1, 1, 6, 1, 1, 1, 1, 1, 1, 5, 1, 1, 9, 1, 1, 1, 1, 1, 1, 14, 1, 1, 1, 22, 5, 1, 1, 5, 3, 1, 6, 1, 6, 6, 1, 1, 5, 1, 5, 1, 5, 3, 1, 9, 1, 12, 1, 1, 3, 1, 1, 8, 5, 9, 59, 4, 40, 98, 9, 3, 1, 14, 1, 5, 1, 1, ]

[Length of the list before reduction: 2665]
[Length of the list after reduction: 485]
Sum of weight before reduction: 177814
Sum of weight after reduction: 2491
Token reduced: 175323
Average weight before reduction: 66.72195121951219
Average weight after reduction: 5.1360824742268045
Number of tests: 23838
Time: 2051323 ms
***********************************************************************************************************************************************
weight_list(before reduction): [1, 1, 1, 2, 2, 3, 1, 5, 2, 3, 1, 5, 2, 3, 1, 39, 2, 3, 1, 63, 2, 4, 1, 55, 2, 3, 1, 46, 2, 4, 1, 37, 1, 1, 1, 2, 2, 3, 1, 5, 2, 3, 1, 5, 2, 3, 1, 41, 2, 3, 1, 63, 2, 4, 1, 55, 2, 3, 1, 46, 2, 4, 1, 37, 1, 1, 1, 19, 2, 3, 1, 68, 2, 3, 1, 50, 2, 3, 1, 127, 2, 3, 1, 41, 1, 1, 1, 19, 2, 3, 1, 68, 2, 3, 1, 50, 2, 3, 1, 41, 1, 1, 1, 2, 2, 3, 1, 3, 2, 3, 1, 3, 2, 3, 1, 17, 2, 3, 1, 57, 2, 4, 1, 49, 2, 3, 1, 40, 2, 4, 1, 29, 1, 1, 1, 2, 2, 3, 1, 3, 2, 3, 1, 3, 2, 3, 1, 17, 2, 3, 1, 57, 2, 4, 1, 49, 2, 3, 1, 40, 2, 4, 1, 29, 1, 1, 1, 2, 2, 3, 1, 3, 2, 3, 1, 3, 2, 3, 1, 17, 1, 1, 1, 2, 2, 3, 1, 3, 2, 3, 1, 3, 2, 3, 1, 17, 3, 3, 3, 3, 3, 3, 3, 3, 1, 1, 1, 3, 3, 3, 3, 3, 2, 3, 2, 7, 2, 12, 2, 19, 1, 4, 1, 1, 3, 1, 2, 1, 3, 3, 1, 4, 1, 5, 1, 4, 1, 2, 3, 1, 3, 1, 2, 1, 2, 7, 11, 1, 2, 1, 1, 6, 1, 1, 3, 1, 1, 1, 3, 1, 3, 58, 1, 3, 1, 1, 38, 1, 1, 1, 96, 8, 1, 2, 1, 2, 12, 4, 1, ]

weight_list(after reduction): [1, 1, 2, 2, 3, 1, 5, 2, 3, 1, 5, 2, 3, 1, 39, 2, 3, 1, 63, 2, 4, 1, 55, 2, 3, 1, 46, 2, 4, 1, 37, 1, 1, 2, 2, 3, 1, 5, 2, 3, 1, 5, 2, 3, 1, 41, 2, 3, 1, 63, 2, 4, 1, 55, 2, 3, 1, 46, 2, 4, 1, 37, 1, 1, 19, 2, 3, 1, 68, 2, 3, 1, 50, 2, 3, 1, 127, 2, 3, 1, 41, 1, 1, 19, 2, 3, 1, 68, 2, 3, 1, 50, 2, 3, 1, 41, 1, 1, 2, 2, 3, 1, 3, 2, 3, 1, 3, 2, 3, 1, 17, 2, 3, 1, 57, 2, 4, 1, 49, 2, 3, 1, 40, 2, 4, 1, 29, 1, 1, 2, 2, 3, 1, 3, 2, 3, 1, 3, 2, 3, 1, 17, 2, 3, 1, 57, 2, 4, 1, 49, 2, 3, 1, 40, 2, 4, 1, 29, 1, 1, 2, 2, 3, 1, 3, 2, 3, 1, 3, 2, 3, 1, 17, 1, 1, 2, 2, 3, 1, 3, 2, 3, 1, 3, 2, 3, 1, 17, 3, 3, 3, 3, 3, 3, 3, 3, 1, 1, 1, 3, 3, 3, 3, 3, 2, 3, 2, 7, 2, 12, 2, 19, 1, 4, 1, 1, 3, 1, 2, 1, 3, 3, 1, 4, 1, 5, 1, 4, 1, 2, 3, 1, 3, 1, 2, 1, 2, 7, 11, 1, 2, 1, 1, 6, 1, 1, 3, 1, 1, 1, 3, 1, 3, 58, 1, 3, 1, 1, 38, 1, 1, 1, 96, 8, 1, 2, 1, 2, 12, 4, 1, ]

[Length of the list before reduction: 279]
[Length of the list after reduction: 271]
Sum of weight before reduction: 2136
Sum of weight after reduction: 2128
Token reduced: 8
Average weight before reduction: 7.655913978494624
Average weight after reduction: 7.85239852398524
Number of tests: 1938
Time: 62713 ms
***********************************************************************************************************************************************
weight_list(before reduction): [1, 1, 1, 1, 1, 2, 4, 1, 1, 1, 1, 2, 4, 1, 1, 1, 1, 2, 27, 12, 1, 1, 1, 2, 46, 17, 1, 1, 1, 3, 37, 18, 1, 1, 1, 2, 29, 17, 1, 1, 1, 3, 19, 18, 1, 1, 1, 1, 1, 2, 4, 1, 1, 1, 1, 2, 4, 1, 1, 1, 1, 2, 29, 12, 1, 1, 1, 2, 46, 17, 1, 1, 1, 3, 37, 18, 1, 1, 1, 2, 29, 17, 1, 1, 1, 3, 19, 18, 10, 9, 1, 1, 1, 2, 56, 12, 1, 1, 1, 2, 38, 12, 1, 1, 1, 2, 117, 10, 1, 1, 1, 2, 29, 12, 10, 9, 1, 1, 1, 2, 56, 12, 1, 1, 1, 2, 38, 12, 1, 1, 1, 2, 29, 12, 1, 1, 1, 1, 1, 2, 1, 2, 1, 1, 1, 2, 1, 2, 1, 1, 1, 2, 5, 12, 1, 1, 1, 2, 40, 17, 1, 1, 1, 3, 31, 18, 1, 1, 1, 2, 23, 17, 1, 1, 1, 3, 11, 18, 1, 1, 1, 1, 1, 2, 1, 2, 1, 1, 1, 2, 1, 2, 1, 1, 1, 2, 5, 12, 1, 1, 1, 2, 40, 17, 1, 1, 1, 3, 31, 18, 1, 1, 1, 2, 23, 17, 1, 1, 1, 3, 11, 18, 1, 1, 1, 1, 1, 2, 1, 2, 1, 1, 1, 2, 1, 2, 1, 1, 1, 2, 5, 12, 1, 1, 1, 1, 1, 2, 1, 2, 1, 1, 1, 2, 1, 2, 1, 1, 1, 2, 5, 12, 2, 1, 2, 1, 2, 1, 2, 1, 2, 1, 2, 1, 2, 1, 2, 1, 1, 1, 1, 1, 1, 1, 1, 1, 1, 2, 1, 1, 2, 1, 1, 1, 2, 1, 1, 3, 4, 1, 1, 3, 3, 3, 3, 1, 1, 1, 18, 1, 3, 1, 2, 1, 1, 2, 1, 1, 2, 1, 3, 1, 4, 1, 3, 1, 1, 1, 2, 1, 2, 1, 1, 1, 1, 3, 4, 1, 10, 1, 1, 1, 5, 1, 2, 1, 2, 2, 1, 1, 57, 1, 1, 1, 5, 30, 3, 95, 1, 1, 7, 1, 1, 1, 1, 3, 3, 3, 3, 1, 3, ]

weight_list(after reduction): [1, 1, 1, 1, 2, 4, 1, 1, 1, 1, 2, 4, 1, 1, 1, 1, 2, 27, 1, 1, 1, 2, 46, 1, 1, 1, 3, 37, 1, 1, 1, 2, 29, 1, 1, 1, 3, 19, 1, 1, 1, 1, 2, 4, 1, 1, 1, 1, 2, 4, 1, 1, 1, 1, 2, 29, 1, 1, 1, 2, 46, 1, 1, 1, 3, 37, 1, 1, 1, 2, 29, 1, 1, 1, 3, 19, 10, 1, 1, 1, 2, 56, 1, 1, 1, 2, 38, 1, 1, 1, 2, 117, 1, 1, 1, 2, 29, 10, 1, 1, 1, 2, 56, 1, 1, 1, 2, 38, 1, 1, 1, 2, 29, 1, 1, 1, 1, 2, 2, 1, 1, 1, 2, 2, 1, 1, 1, 2, 5, 1, 1, 1, 2, 40, 1, 1, 1, 3, 31, 1, 1, 1, 2, 23, 1, 1, 1, 3, 11, 1, 1, 1, 1, 2, 2, 1, 1, 1, 2, 2, 1, 1, 1, 2, 5, 1, 1, 1, 2, 40, 1, 1, 1, 3, 31, 1, 1, 1, 2, 23, 1, 1, 1, 3, 11, 1, 1, 1, 1, 2, 2, 1, 1, 1, 2, 2, 1, 1, 1, 2, 5, 1, 1, 1, 1, 2, 2, 1, 1, 1, 2, 2, 1, 1, 1, 2, 5, 2, 1, 2, 1, 2, 1, 2, 1, 2, 1, 2, 1, 1, 1, 1, 1, 1, 1, 1, 1, 2, 1, 2, 1, 1, 2, 1, 3, 4, 1, 3, 3, 3, 3, 1, 1, 1, 1, 3, 1, 1, 1, 2, 1, 1, 2, 1, 3, 1, 4, 1, 3, 1, 1, 1, 2, 1, 1, 1, 1, 1, 3, 4, 1, 10, 1, 1, 1, 1, 1, 2, 2, 1, 57, 1, 1, 1, 5, 3, 95, 1, 1, 7, 1, 1, 1, 1, 3, 3, 3, 3, 1, 3, ]

[Length of the list before reduction: 371]
[Length of the list after reduction: 310]
Sum of weight before reduction: 2038
Sum of weight after reduction: 1501
Token reduced: 537
Average weight before reduction: 5.493261455525606
Average weight after reduction: 4.841935483870968
Number of tests: 9332
Time: 258616 ms
***********************************************************************************************************************************************
weight_list(before reduction): [1, 1, 1, 3, 1, 1, 1, 3, 1, 1, 26, 1, 1, 1, 45, 1, 1, 1, 1, 36, 1, 1, 1, 28, 1, 1, 1, 1, 18, 1, 1, 1, 1, 3, 1, 1, 1, 3, 1, 1, 28, 1, 1, 1, 45, 1, 1, 1, 1, 36, 1, 1, 1, 28, 1, 1, 1, 1, 18, 1, 9, 1, 1, 1, 55, 1, 1, 1, 37, 1, 1, 1, 116, 1, 1, 1, 28, 1, 9, 1, 1, 1, 55, 1, 1, 1, 37, 1, 1, 1, 28, 1, 1, 1, 1, 1, 1, 1, 1, 1, 1, 1, 4, 1, 1, 1, 39, 1, 1, 1, 1, 30, 1, 1, 1, 22, 1, 1, 1, 1, 10, 1, 1, 1, 1, 1, 1, 1, 1, 1, 1, 1, 4, 1, 1, 1, 39, 1, 1, 1, 1, 30, 1, 1, 1, 22, 1, 1, 1, 1, 10, 1, 1, 1, 1, 1, 1, 1, 1, 1, 1, 1, 4, 1, 1, 1, 1, 1, 1, 1, 1, 1, 1, 1, 4, 1, 1, 1, 1, 1, 1, 1, 1, 1, 1, 1, 1, 1, 1, 1, 1, 1, 1, 1, 1, 2, 1, 3, 1, 2, 1, 2, 1, 2, 1, 2, 1, 2, 1, 1, 1, 1, 1, 1, 1, 1, 3, 1, 2, 1, 1, 1, 2, 1, 3, 1, 9, 1, 1, 1, 1, 1, 55, 1, 1, 3, 1, 2, 1, 3, 1, 91, 1, 5, 1, 1, 2, 1, 2, 1, 2, 1, 2, 1, 2, ]

weight_list(after reduction): [1, 1, 1, 3, 1, 1, 1, 3, 1, 1, 26, 1, 1, 1, 45, 1, 1, 1, 36, 1, 1, 1, 28, 1, 1, 1, 18, 1, 1, 1, 1, 3, 1, 1, 1, 3, 1, 1, 28, 1, 1, 1, 45, 1, 1, 1, 36, 1, 1, 1, 28, 1, 1, 1, 18, 1, 9, 1, 1, 1, 55, 1, 1, 1, 37, 1, 1, 1, 116, 1, 1, 1, 28, 1, 9, 1, 1, 1, 55, 1, 1, 1, 37, 1, 1, 1, 28, 1, 1, 1, 1, 1, 1, 1, 1, 1, 4, 1, 1, 1, 39, 1, 1, 1, 30, 1, 1, 1, 22, 1, 1, 1, 10, 1, 1, 1, 1, 1, 1, 1, 1, 1, 4, 1, 1, 1, 39, 1, 1, 1, 30, 1, 1, 1, 22, 1, 1, 1, 10, 1, 1, 1, 1, 1, 1, 1, 1, 1, 4, 1, 1, 1, 1, 1, 1, 1, 1, 1, 4, 1, 1, 1, 1, 1, 1, 1, 1, 1, 1, 1, 1, 1, 1, 1, 1, 1, 1, 2, 1, 3, 1, 2, 1, 2, 1, 2, 1, 2, 1, 2, 1, 1, 1, 1, 1, 1, 1, 1, 3, 1, 2, 1, 1, 1, 2, 1, 3, 1, 9, 1, 1, 1, 1, 1, 55, 1, 1, 3, 1, 2, 1, 3, 1, 91, 1, 1, 1, 2, 1, 2, 1, 2, 1, 2, 1, 2, ]

[Length of the list before reduction: 255]
[Length of the list after reduction: 236]
Sum of weight before reduction: 1312
Sum of weight after reduction: 1289
Token reduced: 23
Average weight before reduction: 5.145098039215687
Average weight after reduction: 5.461864406779661
Number of tests: 3214
Time: 96423 ms
***********************************************************************************************************************************************
weight_list(before reduction): [1, 2, 1, 2, 1, 25, 1, 44, 1, 35, 1, 27, 1, 17, 1, 2, 1, 2, 1, 27, 1, 44, 1, 35, 1, 27, 1, 17, 1, 8, 1, 54, 1, 36, 1, 115, 1, 27, 1, 8, 1, 54, 1, 36, 1, 27, 1, 3, 1, 38, 1, 29, 1, 21, 1, 9, 1, 3, 1, 38, 1, 29, 1, 21, 1, 9, 1, 3, 1, 3, 1, 1, 2, 1, 1, 1, 1, 1, 1, 1, 1, 1, 1, 1, 1, 1, 1, 1, 1, 1, 1, 2, 1, 3, 3, 3, 54, 1, 1, 2, 1, 1, 1, 2, 90, 1, 1, 1, 1, 1, 1, 1, 1, 1, 1, 1, ]

weight_list(after reduction): [2, 2, 1, 25, 1, 44, 1, 35, 1, 27, 1, 17, 2, 2, 1, 27, 1, 44, 1, 35, 1, 27, 1, 17, 1, 8, 1, 54, 1, 36, 1, 115, 1, 27, 1, 8, 1, 54, 1, 36, 1, 27, 1, 3, 1, 38, 1, 29, 1, 21, 1, 9, 1, 3, 1, 38, 1, 29, 1, 21, 1, 9, 1, 3, 1, 3, 1, 2, 1, 1, 1, 1, 1, 1, 1, 1, 1, 1, 1, 1, 1, 2, 1, 3, 3, 3, 54, 1, 1, 2, 1, 1, 1, 2, 90, 1, 1, 1, 1, 1, 1, 1, 1, 1, 1, 1, ]

[Length of the list before reduction: 116]
[Length of the list after reduction: 106]
Sum of weight before reduction: 1110
Sum of weight after reduction: 1100
Token reduced: 10
Average weight before reduction: 9.568965517241379
Average weight after reduction: 10.377358490566039
Number of tests: 912
Time: 26486 ms
***********************************************************************************************************************************************
weight_list(before reduction): [1, 1, 1, 1, 5, 20, 5, 39, 5, 30, 5, 22, 5, 12, 1, 1, 1, 1, 5, 22, 5, 39, 5, 30, 5, 22, 5, 12, 1, 7, 25, 29, 34, 2, 25, 90, 5, 22, 1, 7, 25, 29, 34, 2, 5, 22, 1, 2, 10, 28, 11, 18, 10, 11, 7, 2, 1, 2, 10, 28, 11, 18, 10, 11, 7, 2, 1, 2, 1, 2, 1, 1, 1, 1, 1, 1, 1, 1, 1, 1, 1, 1, 1, 1, 53, 1, 1, 1, 1, 1, 89, ]

weight_list(after reduction): [1, 1, 5, 5, 5, 5, 5, 1, 1, 5, 5, 5, 5, 5, 1, 25, 34, 25, 5, 1, 25, 34, 5, 1, 10, 11, 10, 7, 1, 10, 11, 10, 7, 1, 1, 1, 1, 1, 1, 1, 1, 1, 1, 1, 1, 1, 1, 1, 1, 53, 1, 1, 1, 1, 1, 89, ]

[Length of the list before reduction: 91]
[Length of the list after reduction: 56]
Sum of weight before reduction: 1038
Sum of weight after reduction: 450
Token reduced: 588
Average weight before reduction: 11.406593406593407
Average weight after reduction: 8.035714285714286
Number of tests: 1012
Time: 39689 ms
***********************************************************************************************************************************************
weight_list(before reduction): [4, 1, 4, 1, 4, 1, 4, 1, 4, 1, 4, 1, 4, 1, 4, 1, 4, 1, 4, 1, 24, 1, 33, 1, 24, 1, 4, 1, 24, 1, 33, 1, 4, 1, 9, 1, 10, 1, 9, 1, 6, 1, 9, 1, 10, 1, 9, 1, 6, 1, 51, 2, 1, 88, ]

weight_list(after reduction): [4, 1, 4, 1, 4, 1, 4, 1, 4, 1, 4, 1, 4, 1, 4, 1, 4, 1, 4, 1, 24, 1, 33, 1, 24, 1, 4, 1, 24, 1, 33, 1, 4, 1, 9, 1, 10, 1, 9, 1, 6, 1, 9, 1, 10, 1, 9, 1, 6, 1, 51, 88, ]

[Length of the list before reduction: 54]
[Length of the list after reduction: 52]
Sum of weight before reduction: 421
Sum of weight after reduction: 418
Token reduced: 3
Average weight before reduction: 7.796296296296297
Average weight after reduction: 8.038461538461538
Number of tests: 267
Time: 6493 ms
***********************************************************************************************************************************************
weight_list(before reduction): [1, 3, 1, 3, 1, 3, 1, 3, 1, 3, 1, 3, 1, 3, 1, 3, 1, 3, 1, 3, 1, 23, 1, 32, 1, 23, 1, 3, 1, 23, 1, 32, 1, 3, 1, 8, 1, 9, 1, 8, 1, 5, 1, 8, 1, 9, 1, 8, 1, 5, 50, 1, 1, 86, 1, ]

weight_list(after reduction): [1, 3, 1, 3, 1, 3, 1, 3, 1, 3, 1, 3, 1, 3, 1, 3, 1, 3, 1, 3, 1, 23, 1, 32, 1, 23, 1, 3, 1, 23, 1, 32, 1, 3, 1, 8, 1, 9, 1, 8, 1, 5, 1, 8, 1, 9, 1, 8, 1, 5, 50, 1, 1, 86, 1, ]

No node is deleted.
Number of tests: 214
Time: 4455 ms
***********************************************************************************************************************************************
weight_list(before reduction): [1, 2, 1, 2, 1, 2, 1, 2, 1, 2, 1, 2, 1, 2, 1, 2, 1, 2, 1, 2, 5, 18, 5, 27, 5, 18, 1, 2, 5, 18, 5, 27, 1, 2, 6, 2, 7, 2, 6, 2, 1, 2, 1, 1, 6, 2, 7, 2, 6, 2, 1, 2, 1, 1, 1, 49, 1, 85, ]

weight_list(after reduction): [1, 1, 1, 1, 1, 1, 1, 1, 1, 1, 5, 5, 5, 1, 5, 5, 1, 6, 7, 6, 1, 6, 7, 6, 1, 2, 1, 1, 1, 49, 1, ]

[Length of the list before reduction: 58]
[Length of the list after reduction: 31]
Sum of weight before reduction: 365
Sum of weight after reduction: 132
Token reduced: 233
Average weight before reduction: 6.293103448275862
Average weight after reduction: 4.258064516129032
Number of tests: 539
Time: 23116 ms
***********************************************************************************************************************************************
weight_list(before reduction): [4, 1, 4, 1, 4, 1, 4, 1, 4, 1, 5, 1, 6, 1, 5, 1, 5, 1, 6, 1, 5, 1, 1, 1, 1, 48, ]

weight_list(after reduction): [4, 1, 4, 1, 4, 1, 4, 1, 4, 1, 5, 1, 6, 1, 5, 1, 5, 1, 6, 1, 5, 1, 1, 48, ]

[Length of the list before reduction: 26]
[Length of the list after reduction: 24]
Sum of weight before reduction: 114
Sum of weight after reduction: 112
Token reduced: 2
Average weight before reduction: 4.384615384615385
Average weight after reduction: 4.666666666666667
Number of tests: 123
Time: 3444 ms
***********************************************************************************************************************************************
weight_list(before reduction): [1, 3, 1, 3, 1, 3, 1, 3, 1, 3, 1, 4, 1, 5, 1, 4, 1, 4, 1, 5, 1, 4, 1, 46, 1, ]

weight_list(after reduction): [1, 3, 1, 3, 1, 3, 1, 3, 1, 3, 1, 4, 1, 5, 1, 4, 1, 4, 1, 5, 1, 4, 1, 46, 1, ]

No node is deleted.
Number of tests: 94
Time: 1927 ms
***********************************************************************************************************************************************
weight_list(before reduction): [1, 2, 1, 2, 1, 2, 1, 2, 1, 2, 1, 1, 1, 1, 1, 2, 1, 1, 1, 1, 1, 1, 1, 1, 1, 1, 1, 2, 1, 1, 1, 1, 1, 1, 41, 5, ]

weight_list(after reduction): [1, 1, 1, 1, 1, 1, 1, 1, 1, 1, 2, 1, 1, 1, 1, 1, 1, 1, 1, 1, 1, 1, 2, 1, 1, 1, 1, 1, 1, 41, ]

[Length of the list before reduction: 36]
[Length of the list after reduction: 30]
Sum of weight before reduction: 87
Sum of weight after reduction: 72
Token reduced: 15
Average weight before reduction: 2.4166666666666665
Average weight after reduction: 2.4
Number of tests: 208
Time: 7224 ms
***********************************************************************************************************************************************
weight_list(before reduction): [1, 1, 1, 1, 40, 1, ]

weight_list(after reduction): [1, 1, 40, 1, ]

[Length of the list before reduction: 6]
[Length of the list after reduction: 4]
Sum of weight before reduction: 45
Sum of weight after reduction: 43
Token reduced: 2
Average weight before reduction: 7.5
Average weight after reduction: 10.75
Number of tests: 19
Time: 1339 ms
***********************************************************************************************************************************************
weight_list(before reduction): [1, 39, ]

weight_list(after reduction): [1, 39, ]

No node is deleted.
Number of tests: 2
Time: 43 ms
***********************************************************************************************************************************************
weight_list(before reduction): [1, 38, ]

weight_list(after reduction): [38, ]

[Length of the list before reduction: 2]
[Length of the list after reduction: 1]
Sum of weight before reduction: 39
Sum of weight after reduction: 38
Token reduced: 1
Average weight before reduction: 19.5
Average weight after reduction: 38.0
Number of tests: 2
Time: 825 ms
***********************************************************************************************************************************************
weight_list(before reduction): [1, 36, 1, ]

weight_list(after reduction): [36, ]

[Length of the list before reduction: 3]
[Length of the list after reduction: 1]
Sum of weight before reduction: 38
Sum of weight after reduction: 36
Token reduced: 2
Average weight before reduction: 12.666666666666666
Average weight after reduction: 36.0
Number of tests: 4
Time: 573 ms
***********************************************************************************************************************************************
weight_list(before reduction): [35, 1, ]

weight_list(after reduction): [35, 1, ]

No node is deleted.
Number of tests: 2
Time: 43 ms
***********************************************************************************************************************************************
weight_list(before reduction): [1, 34, ]

weight_list(after reduction): [1, 34, ]

No node is deleted.
Number of tests: 2
Time: 44 ms
***********************************************************************************************************************************************
weight_list(before reduction): [29, 5, ]

weight_list(after reduction): [29, ]

[Length of the list before reduction: 2]
[Length of the list after reduction: 1]
Sum of weight before reduction: 34
Sum of weight after reduction: 29
Token reduced: 5
Average weight before reduction: 17.0
Average weight after reduction: 29.0
Number of tests: 1
Time: 501 ms
***********************************************************************************************************************************************
weight_list(before reduction): [28, 1, ]

weight_list(after reduction): [28, 1, ]

No node is deleted.
Number of tests: 2
Time: 49 ms
***********************************************************************************************************************************************
weight_list(before reduction): [1, 27, ]

weight_list(after reduction): [1, 27, ]

No node is deleted.
Number of tests: 2
Time: 47 ms
***********************************************************************************************************************************************
weight_list(before reduction): [9, 18, ]

weight_list(after reduction): [9, 18, ]

No node is deleted.
Number of tests: 2
Time: 379 ms
***********************************************************************************************************************************************
weight_list(before reduction): [8, 1, 1, 17, ]

weight_list(after reduction): [17, ]

[Length of the list before reduction: 4]
[Length of the list after reduction: 1]
Sum of weight before reduction: 27
Sum of weight after reduction: 17
Token reduced: 10
Average weight before reduction: 6.75
Average weight after reduction: 17.0
Number of tests: 6
Time: 912 ms
***********************************************************************************************************************************************
weight_list(before reduction): [16, 1, ]

weight_list(after reduction): [16, 1, ]

No node is deleted.
Number of tests: 2
Time: 43 ms
***********************************************************************************************************************************************
weight_list(before reduction): [1, 15, ]

weight_list(after reduction): [1, 15, ]

No node is deleted.
Number of tests: 2
Time: 46 ms
***********************************************************************************************************************************************
weight_list(before reduction): [1, 14, ]

weight_list(after reduction): [14, ]

[Length of the list before reduction: 2]
[Length of the list after reduction: 1]
Sum of weight before reduction: 15
Sum of weight after reduction: 14
Token reduced: 1
Average weight before reduction: 7.5
Average weight after reduction: 14.0
Number of tests: 2
Time: 845 ms
***********************************************************************************************************************************************
weight_list(before reduction): [1, 12, 1, ]

weight_list(after reduction): [12, ]

[Length of the list before reduction: 3]
[Length of the list after reduction: 1]
Sum of weight before reduction: 14
Sum of weight after reduction: 12
Token reduced: 2
Average weight before reduction: 4.666666666666667
Average weight after reduction: 12.0
Number of tests: 4
Time: 576 ms
***********************************************************************************************************************************************
weight_list(before reduction): [8, 4, ]

weight_list(after reduction): [8, ]

[Length of the list before reduction: 2]
[Length of the list after reduction: 1]
Sum of weight before reduction: 12
Sum of weight after reduction: 8
Token reduced: 4
Average weight before reduction: 6.0
Average weight after reduction: 8.0
Number of tests: 1
Time: 496 ms
***********************************************************************************************************************************************
weight_list(before reduction): [1, 7, ]

weight_list(after reduction): [1, 7, ]

No node is deleted.
Number of tests: 2
Time: 688 ms
***********************************************************************************************************************************************
weight_list(before reduction): [1, 5, 1, ]

weight_list(after reduction): [5, ]

[Length of the list before reduction: 3]
[Length of the list after reduction: 1]
Sum of weight before reduction: 7
Sum of weight after reduction: 5
Token reduced: 2
Average weight before reduction: 2.3333333333333335
Average weight after reduction: 5.0
Number of tests: 4
Time: 554 ms
***********************************************************************************************************************************************
weight_list(before reduction): [4, 1, ]

weight_list(after reduction): [4, 1, ]

No node is deleted.
Number of tests: 2
Time: 50 ms
***********************************************************************************************************************************************
weight_list(before reduction): [1, 3, ]

weight_list(after reduction): [1, 3, ]

No node is deleted.
Number of tests: 2
Time: 367 ms
***********************************************************************************************************************************************
weight_list(before reduction): [1, 2, ]

weight_list(after reduction): [1, ]

[Length of the list before reduction: 2]
[Length of the list after reduction: 1]
Sum of weight before reduction: 3
Sum of weight after reduction: 1
Token reduced: 2
Average weight before reduction: 1.5
Average weight after reduction: 1.0
Number of tests: 1
Time: 483 ms
***********************************************************************************************************************************************
weight_list(before reduction): [1377, ]

weight_list(after reduction): [1377, ]

No node is deleted.
Number of tests: 0
Time: 0 ms
***********************************************************************************************************************************************
weight_list(before reduction): [1377, ]

weight_list(after reduction): [1377, ]

No node is deleted.
Number of tests: 0
Time: 0 ms
***********************************************************************************************************************************************
weight_list(before reduction): [4, 4, 4, 4, 4, 4, 4, 4, 6, 12, 18, 18, 20, 20, 20, 20, 20, 12, 18, 18, 20, 20, 20, 20, 20, 14, 22, 22, 22, 20, 14, 22, 22, 20, 12, 16, 16, 18, 25, 25, 25, 20, 12, 16, 16, 18, 25, 25, 25, 23, 12, 16, 16, 18, 12, 16, 16, 18, 3, 3, 6, 6, 6, 6, 23, 3, 4, 7, 3, 3, 3, 11, 3, 3, 3, 4, 3, 3, 3, 3, 3, 3, 3, 3, 3, 3, 3, 3, 5, 9, 5, 5, 8, 11, 5, 5, 14, 15, 12, 24, 11, 17, 27, 9, 75, 25, 6, ]

weight_list(after reduction): [4, 4, 4, 4, 23, 4, 3, 75, 6, ]

[Length of the list before reduction: 107]
[Length of the list after reduction: 9]
Sum of weight before reduction: 1377
Sum of weight after reduction: 127
Token reduced: 1250
Average weight before reduction: 12.869158878504672
Average weight after reduction: 14.11111111111111
Number of tests: 175
Time: 12672 ms
***********************************************************************************************************************************************
weight_list(before reduction): [3, 1, 3, 1, 3, 1, 3, 1, 22, 1, 3, 1, 2, 1, 1, 3, 71, 1, 3, 2, ]

weight_list(after reduction): [3, 1, 3, 1, 3, 1, 3, 1, 22, 1, 3, 1, 2, 1, 1, 3, 71, 1, 3, 2, ]

No node is deleted.
Number of tests: 74
Time: 1684 ms
***********************************************************************************************************************************************
weight_list(before reduction): [1, 1, 1, 1, 1, 1, 1, 1, 1, 1, 1, 1, 1, 21, 2, 1, 1, 1, 1, 2, 1, 69, 1, 1, 2, 1, 1, ]

weight_list(after reduction): [1, 1, 1, 1, 1, 1, 1, 1, 1, 1, 1, 1, 1, 21, 2, 1, 1, 1, 1, 2, 1, 69, 1, 1, 2, 1, 1, ]

No node is deleted.
Number of tests: 102
Time: 1730 ms
***********************************************************************************************************************************************
weight_list(before reduction): [1, 1, 18, 1, 1, 1, 1, 1, 3, 3, 9, 21, 4, 10, 12, 4, 3, 1, 1, ]

weight_list(after reduction): [1, 1, 18, 1, 1, 1, 1, 1, 3, 3, 9, 21, 4, 10, 12, 4, 3, 1, 1, ]

No node is deleted.
Number of tests: 70
Time: 2635 ms
***********************************************************************************************************************************************
weight_list(before reduction): [3, 3, 3, 3, 3, 3, 2, 1, 2, 1, 1, 1, 3, 1, 3, 20, 1, 3, 1, 1, 8, 1, 1, 1, 10, 3, 1, 2, 1, ]

weight_list(after reduction): [3, 2, 1, 1, 1, 3, 1, 3, 20, 1, 3, 1, 1, 8, 1, 1, 1, 3, 1, 2, 1, ]

[Length of the list before reduction: 29]
[Length of the list after reduction: 21]
Sum of weight before reduction: 87
Sum of weight after reduction: 59
Token reduced: 28
Average weight before reduction: 3.0
Average weight after reduction: 2.8095238095238093
Number of tests: 131
Time: 8474 ms
***********************************************************************************************************************************************
weight_list(before reduction): [2, 1, 1, 1, 1, 2, 2, 1, 19, 1, 1, 1, 1, 5, 3, 1, 2, 1, 1, ]

weight_list(after reduction): [2, 1, 1, 1, 1, 2, 2, 1, 19, 1, 1, 1, 1, 5, 3, 1, 2, 1, 1, ]

No node is deleted.
Number of tests: 70
Time: 2769 ms
***********************************************************************************************************************************************
weight_list(before reduction): [1, 1, 1, 1, 1, 1, 1, 18, 1, 3, 1, 2, 1, 1, 1, ]

weight_list(after reduction): [1, 1, 1, 1, 1, 1, 1, 18, 1, 3, 1, 2, 1, 1, 1, ]

No node is deleted.
Number of tests: 54
Time: 2052 ms
***********************************************************************************************************************************************
weight_list(before reduction): [17, 1, 1, 2, 1, 1, ]

weight_list(after reduction): [17, 1, 1, 2, 1, 1, ]

No node is deleted.
Number of tests: 18
Time: 1041 ms
***********************************************************************************************************************************************
weight_list(before reduction): [1, 16, 1, 1, ]

weight_list(after reduction): [1, 16, 1, 1, ]

No node is deleted.
Number of tests: 10
Time: 400 ms
***********************************************************************************************************************************************
weight_list(before reduction): [15, 1, ]

weight_list(after reduction): [15, 1, ]

No node is deleted.
Number of tests: 2
Time: 31 ms
***********************************************************************************************************************************************
weight_list(before reduction): [1, 14, ]

weight_list(after reduction): [1, 14, ]

No node is deleted.
Number of tests: 2
Time: 31 ms
***********************************************************************************************************************************************
weight_list(before reduction): [13, 1, ]

weight_list(after reduction): [13, 1, ]

No node is deleted.
Number of tests: 2
Time: 32 ms
***********************************************************************************************************************************************
weight_list(before reduction): [1, 12, ]

weight_list(after reduction): [1, 12, ]

No node is deleted.
Number of tests: 2
Time: 32 ms
***********************************************************************************************************************************************
weight_list(before reduction): [11, 1, ]

weight_list(after reduction): [11, 1, ]

No node is deleted.
Number of tests: 2
Time: 33 ms
***********************************************************************************************************************************************
weight_list(before reduction): [1, 10, ]

weight_list(after reduction): [1, 10, ]

No node is deleted.
Number of tests: 2
Time: 32 ms
***********************************************************************************************************************************************
weight_list(before reduction): [9, 1, ]

weight_list(after reduction): [9, 1, ]

No node is deleted.
Number of tests: 2
Time: 36 ms
***********************************************************************************************************************************************
weight_list(before reduction): [1, 8, ]

weight_list(after reduction): [1, 8, ]

No node is deleted.
Number of tests: 2
Time: 33 ms
***********************************************************************************************************************************************
weight_list(before reduction): [7, 1, ]

weight_list(after reduction): [7, 1, ]

No node is deleted.
Number of tests: 2
Time: 33 ms
***********************************************************************************************************************************************
weight_list(before reduction): [1, 6, ]

weight_list(after reduction): [1, 6, ]

No node is deleted.
Number of tests: 2
Time: 33 ms
***********************************************************************************************************************************************
weight_list(before reduction): [5, 1, ]

weight_list(after reduction): [5, 1, ]

No node is deleted.
Number of tests: 2
Time: 33 ms
***********************************************************************************************************************************************
weight_list(before reduction): [1, 4, ]

weight_list(after reduction): [1, 4, ]

No node is deleted.
Number of tests: 2
Time: 35 ms
***********************************************************************************************************************************************
weight_list(before reduction): [1, 3, ]

weight_list(after reduction): [1, 3, ]

No node is deleted.
Number of tests: 2
Time: 484 ms
***********************************************************************************************************************************************
weight_list(before reduction): [1, 1, 1, ]

weight_list(after reduction): [1, 1, 1, ]

No node is deleted.
Number of tests: 6
Time: 321 ms
***********************************************************************************************************************************************
weight_list(before reduction): [99, ]

weight_list(after reduction): [99, ]

No node is deleted.
Number of tests: 0
Time: 0 ms
***********************************************************************************************************************************************
weight_list(before reduction): [99, ]

weight_list(after reduction): [99, ]

No node is deleted.
Number of tests: 0
Time: 0 ms
***********************************************************************************************************************************************
weight_list(before reduction): [4, 4, 4, 4, 8, 4, 3, 62, 6, ]

weight_list(after reduction): [4, 4, 4, 8, 4, 3, 62, 6, ]

[Length of the list before reduction: 9]
[Length of the list after reduction: 8]
Sum of weight before reduction: 99
Sum of weight after reduction: 95
Token reduced: 4
Average weight before reduction: 11.0
Average weight after reduction: 11.875
Number of tests: 36
Time: 1944 ms
***********************************************************************************************************************************************
weight_list(before reduction): [3, 1, 3, 1, 3, 1, 7, 1, 3, 1, 2, 1, 1, 3, 58, 1, 3, 2, ]

weight_list(after reduction): [3, 1, 3, 1, 3, 1, 7, 1, 3, 1, 2, 1, 1, 3, 58, 1, 3, 2, ]

No node is deleted.
Number of tests: 66
Time: 1363 ms
***********************************************************************************************************************************************
weight_list(before reduction): [1, 1, 1, 1, 1, 1, 1, 1, 1, 1, 6, 2, 1, 1, 1, 1, 2, 1, 56, 1, 1, 2, 1, 1, ]

weight_list(after reduction): [1, 1, 1, 1, 1, 1, 1, 1, 1, 1, 6, 2, 1, 1, 1, 1, 2, 1, 56, 1, 1, 2, 1, 1, ]

No node is deleted.
Number of tests: 90
Time: 1518 ms
***********************************************************************************************************************************************
weight_list(before reduction): [1, 1, 3, 1, 1, 1, 1, 1, 3, 9, 21, 4, 10, 6, 3, 1, 1, ]

weight_list(after reduction): [1, 1, 3, 1, 1, 1, 1, 1, 3, 9, 21, 4, 10, 6, 3, 1, 1, ]

No node is deleted.
Number of tests: 62
Time: 2504 ms
***********************************************************************************************************************************************
weight_list(before reduction): [2, 1, 2, 1, 1, 1, 3, 1, 3, 20, 1, 3, 1, 1, 8, 1, 1, 1, 4, 2, 1, ]

weight_list(after reduction): [2, 1, 2, 1, 1, 1, 3, 1, 3, 20, 1, 3, 1, 1, 8, 1, 1, 1, 4, 2, 1, ]

No node is deleted.
Number of tests: 78
Time: 3537 ms
***********************************************************************************************************************************************
weight_list(before reduction): [1, 1, 1, 1, 1, 2, 2, 1, 19, 1, 1, 1, 1, 5, 3, 3, 1, 1, 1, ]

weight_list(after reduction): [1, 1, 1, 1, 1, 2, 2, 1, 19, 1, 1, 1, 1, 5, 3, 3, 1, 1, 1, ]

No node is deleted.
Number of tests: 70
Time: 2584 ms
***********************************************************************************************************************************************
weight_list(before reduction): [1, 1, 1, 1, 1, 18, 1, 3, 1, 2, 1, 1, 2, ]

weight_list(after reduction): [1, 1, 1, 1, 1, 18, 1, 3, 1, 2, 1, 1, 2, ]

No node is deleted.
Number of tests: 46
Time: 1682 ms
***********************************************************************************************************************************************
weight_list(before reduction): [17, 1, 1, 2, 1, 1, 1, 1, ]

weight_list(after reduction): [17, 1, 1, 2, 1, 1, 1, 1, ]

No node is deleted.
Number of tests: 26
Time: 1539 ms
***********************************************************************************************************************************************
weight_list(before reduction): [1, 16, 1, 1, ]

weight_list(after reduction): [1, 16, 1, 1, ]

No node is deleted.
Number of tests: 10
Time: 381 ms
***********************************************************************************************************************************************
weight_list(before reduction): [15, 1, ]

weight_list(after reduction): [15, 1, ]

No node is deleted.
Number of tests: 2
Time: 30 ms
***********************************************************************************************************************************************
weight_list(before reduction): [1, 14, ]

weight_list(after reduction): [1, 14, ]

No node is deleted.
Number of tests: 2
Time: 32 ms
***********************************************************************************************************************************************
weight_list(before reduction): [13, 1, ]

weight_list(after reduction): [13, 1, ]

No node is deleted.
Number of tests: 2
Time: 31 ms
***********************************************************************************************************************************************
weight_list(before reduction): [1, 12, ]

weight_list(after reduction): [1, 12, ]

No node is deleted.
Number of tests: 2
Time: 30 ms
***********************************************************************************************************************************************
weight_list(before reduction): [11, 1, ]

weight_list(after reduction): [11, 1, ]

No node is deleted.
Number of tests: 2
Time: 30 ms
***********************************************************************************************************************************************
weight_list(before reduction): [1, 10, ]

weight_list(after reduction): [1, 10, ]

No node is deleted.
Number of tests: 2
Time: 29 ms
***********************************************************************************************************************************************
weight_list(before reduction): [9, 1, ]

weight_list(after reduction): [9, 1, ]

No node is deleted.
Number of tests: 2
Time: 28 ms
***********************************************************************************************************************************************
weight_list(before reduction): [1, 8, ]

weight_list(after reduction): [1, 8, ]

No node is deleted.
Number of tests: 2
Time: 29 ms
***********************************************************************************************************************************************
weight_list(before reduction): [7, 1, ]

weight_list(after reduction): [7, 1, ]

No node is deleted.
Number of tests: 2
Time: 29 ms
***********************************************************************************************************************************************
weight_list(before reduction): [1, 6, ]

weight_list(after reduction): [1, 6, ]

No node is deleted.
Number of tests: 2
Time: 30 ms
***********************************************************************************************************************************************
weight_list(before reduction): [5, 1, ]

weight_list(after reduction): [5, 1, ]

No node is deleted.
Number of tests: 2
Time: 31 ms
***********************************************************************************************************************************************
weight_list(before reduction): [1, 4, ]

weight_list(after reduction): [1, 4, ]

No node is deleted.
Number of tests: 2
Time: 30 ms
***********************************************************************************************************************************************
weight_list(before reduction): [1, 3, ]

weight_list(after reduction): [1, 3, ]

No node is deleted.
Number of tests: 2
Time: 482 ms
***********************************************************************************************************************************************
weight_list(before reduction): [1, 1, 1, ]

weight_list(after reduction): [1, 1, 1, ]

No node is deleted.
Number of tests: 6
Time: 306 ms
***********************************************************************************************************************************************
weight_list(before reduction): [95, ]

weight_list(after reduction): [95, ]

No node is deleted.
Number of tests: 0
Time: 0 ms
***********************************************************************************************************************************************
weight_list(before reduction): [95, ]

weight_list(after reduction): [95, ]

No node is deleted.
Number of tests: 0
Time: 0 ms
***********************************************************************************************************************************************
weight_list(before reduction): [4, 4, 4, 8, 4, 3, 62, 6, ]

weight_list(after reduction): [4, 4, 4, 8, 4, 3, 62, 6, ]

No node is deleted.
Number of tests: 26
Time: 1094 ms
***********************************************************************************************************************************************
weight_list(before reduction): [3, 1, 3, 1, 3, 1, 7, 1, 3, 1, 2, 1, 1, 3, 58, 1, 3, 2, ]

weight_list(after reduction): [3, 1, 3, 1, 3, 1, 7, 1, 3, 1, 2, 1, 1, 3, 58, 1, 3, 2, ]

No node is deleted.
Number of tests: 66
Time: 1398 ms
***********************************************************************************************************************************************
weight_list(before reduction): [1, 1, 1, 1, 1, 1, 1, 1, 1, 1, 6, 2, 1, 1, 1, 1, 2, 1, 56, 1, 1, 2, 1, 1, ]

weight_list(after reduction): [1, 1, 1, 1, 1, 1, 1, 1, 1, 1, 6, 2, 1, 1, 1, 1, 2, 1, 56, 1, 1, 2, 1, 1, ]

No node is deleted.
Number of tests: 90
Time: 1536 ms
***********************************************************************************************************************************************
weight_list(before reduction): [1, 1, 3, 1, 1, 1, 1, 1, 3, 9, 21, 4, 10, 6, 3, 1, 1, ]

weight_list(after reduction): [1, 1, 3, 1, 1, 1, 1, 1, 3, 9, 21, 4, 10, 6, 3, 1, 1, ]

No node is deleted.
Number of tests: 62
Time: 2506 ms
***********************************************************************************************************************************************
weight_list(before reduction): [2, 1, 2, 1, 1, 1, 3, 1, 3, 20, 1, 3, 1, 1, 8, 1, 1, 1, 4, 2, 1, ]

weight_list(after reduction): [2, 1, 2, 1, 1, 1, 3, 1, 3, 20, 1, 3, 1, 1, 8, 1, 1, 1, 4, 2, 1, ]

No node is deleted.
Number of tests: 78
Time: 3558 ms
***********************************************************************************************************************************************
weight_list(before reduction): [1, 1, 1, 1, 1, 2, 2, 1, 19, 1, 1, 1, 1, 5, 3, 3, 1, 1, 1, ]

weight_list(after reduction): [1, 1, 1, 1, 1, 2, 2, 1, 19, 1, 1, 1, 1, 5, 3, 3, 1, 1, 1, ]

No node is deleted.
Number of tests: 70
Time: 2583 ms
***********************************************************************************************************************************************
weight_list(before reduction): [1, 1, 1, 1, 1, 18, 1, 3, 1, 2, 1, 1, 2, ]

weight_list(after reduction): [1, 1, 1, 1, 1, 18, 1, 3, 1, 2, 1, 1, 2, ]

No node is deleted.
Number of tests: 46
Time: 1641 ms
***********************************************************************************************************************************************
weight_list(before reduction): [17, 1, 1, 2, 1, 1, 1, 1, ]

weight_list(after reduction): [17, 1, 1, 2, 1, 1, 1, 1, ]

No node is deleted.
Number of tests: 26
Time: 1570 ms
***********************************************************************************************************************************************
weight_list(before reduction): [1, 16, 1, 1, ]

weight_list(after reduction): [1, 16, 1, 1, ]

No node is deleted.
Number of tests: 10
Time: 377 ms
***********************************************************************************************************************************************
weight_list(before reduction): [15, 1, ]

weight_list(after reduction): [15, 1, ]

No node is deleted.
Number of tests: 2
Time: 27 ms
***********************************************************************************************************************************************
weight_list(before reduction): [1, 14, ]

weight_list(after reduction): [1, 14, ]

No node is deleted.
Number of tests: 2
Time: 28 ms
***********************************************************************************************************************************************
weight_list(before reduction): [13, 1, ]

weight_list(after reduction): [13, 1, ]

No node is deleted.
Number of tests: 2
Time: 30 ms
***********************************************************************************************************************************************
weight_list(before reduction): [1, 12, ]

weight_list(after reduction): [1, 12, ]

No node is deleted.
Number of tests: 2
Time: 32 ms
***********************************************************************************************************************************************
weight_list(before reduction): [11, 1, ]

weight_list(after reduction): [11, 1, ]

No node is deleted.
Number of tests: 2
Time: 31 ms
***********************************************************************************************************************************************
weight_list(before reduction): [1, 10, ]

weight_list(after reduction): [1, 10, ]

No node is deleted.
Number of tests: 2
Time: 31 ms
***********************************************************************************************************************************************
weight_list(before reduction): [9, 1, ]

weight_list(after reduction): [9, 1, ]

No node is deleted.
Number of tests: 2
Time: 34 ms
***********************************************************************************************************************************************
weight_list(before reduction): [1, 8, ]

weight_list(after reduction): [1, 8, ]

No node is deleted.
Number of tests: 2
Time: 34 ms
***********************************************************************************************************************************************
weight_list(before reduction): [7, 1, ]

weight_list(after reduction): [7, 1, ]

No node is deleted.
Number of tests: 2
Time: 32 ms
***********************************************************************************************************************************************
weight_list(before reduction): [1, 6, ]

weight_list(after reduction): [1, 6, ]

No node is deleted.
Number of tests: 2
Time: 32 ms
***********************************************************************************************************************************************
weight_list(before reduction): [5, 1, ]

weight_list(after reduction): [5, 1, ]

No node is deleted.
Number of tests: 2
Time: 32 ms
***********************************************************************************************************************************************
weight_list(before reduction): [1, 4, ]

weight_list(after reduction): [1, 4, ]

No node is deleted.
Number of tests: 2
Time: 34 ms
***********************************************************************************************************************************************
weight_list(before reduction): [1, 3, ]

weight_list(after reduction): [1, 3, ]

No node is deleted.
Number of tests: 2
Time: 467 ms
***********************************************************************************************************************************************
weight_list(before reduction): [1, 1, 1, ]

weight_list(after reduction): [1, 1, 1, ]

No node is deleted.
Number of tests: 6
Time: 304 ms
***********************************************************************************************************************************************
/tmp/benchmark
