Running with arguments: /tmp/benchmark/binaries/run_hdd_ddmin.sh /tmp/benchmark/c_benchmarks/gcc-58731/r.sh /tmp/benchmark/c_benchmarks/gcc-58731/small.c /tmp/benchmark/stat/hdd_wdd_ddmin_c/hdd_ddmin_0/gcc-58731 /tmp/tmp3wfpxnho
/tmp/tmp.8MHhEBfCB1 /tmp/benchmark
weight_list(before reduction): [30313, ]

weight_list(after reduction): [30313, ]

No node is deleted.
Number of tests: 0
Time: 0 ms
***********************************************************************************************************************************************
weight_list(before reduction): [30313, ]

weight_list(after reduction): [30313, ]

No node is deleted.
Number of tests: 0
Time: 0 ms
***********************************************************************************************************************************************
weight_list(before reduction): [1, 1, 1, 1, 1, 1, 1, 8, 19, 27, 77, 64, 129, 52, 52, 77, 70, 62, 54, 27, 77, 64, 129, 52, 52, 77, 70, 62, 54, 27, 77, 64, 129, 52, 52, 77, 70, 62, 54, 27, 77, 64, 129, 52, 52, 77, 70, 62, 54, 15, 19, 19, 31, 33, 33, 71, 64, 56, 46, 15, 19, 19, 31, 33, 33, 71, 64, 56, 46, 15, 19, 19, 31, 33, 33, 71, 64, 56, 46, 15, 19, 19, 33, 33, 33, 71, 64, 56, 46, 48, 48, 52, 73, 48, 48, 52, 73, 39, 7, 6, 88, 32, 97, 38, 63, 4, 15, 7, 7, 7, 6, 6, 43, 6, 18, 19, 6, 6, 6, 6, 6, 27, 407, 6, 6, 9, 21, 6, 6, 6, 7, 9, 6, 9, 12, 22, 11, 9, 9, 9, 6, 23, 10, 11, 13, 14, 6, 6, 9, 9, 6, 13, 6, 36, 13, 15, 9, 10, 9, 11, 10, 279, 15, 6, 7, 7, 9, 39, 9, 13, 10, 79, 6, 13, 10, 10, 9, 265, 590, 6, 7, 11, 17, 17, 17, 14, 11, 11, 20, 16, 482, 11557, 1879, 114, 389, 502, 987, 3001, 473, 1741, 1603, ]

weight_list(after reduction): [1, 1, 8, 19, 64, 52, 52, 70, 62, 77, 52, 71, 56, 46, 71, 64, 56, 19, 7, 6, 88, 32, 97, 38, 15, 7, 7, 7, 6, 6, 43, 6, 18, 19, 6, 6, 6, 6, 6, 27, 407, 6, 6, 6, 6, 6, 7, 9, 6, 9, 22, 9, 9, 9, 6, 23, 10, 6, 6, 9, 9, 6, 13, 6, 15, 9, 10, 9, 279, 6, 7, 7, 9, 39, 9, 79, 6, 10, 9, 265, 590, 6, 17, 16, 482, 114, 473, 1741, 1603, ]

[Length of the list before reduction: 201]
[Length of the list after reduction: 89]
Sum of weight before reduction: 30313
Sum of weight after reduction: 7721
Token reduced: 22592
Average weight before reduction: 150.81094527363183
Average weight after reduction: 86.75280898876404
Number of tests: 3663
Time: 1958084 ms
***********************************************************************************************************************************************
weight_list(before reduction): [2, 4, 2, 2, 8, 9, 2, 10, 52, 2, 10, 40, 2, 10, 40, 2, 11, 57, 2, 10, 50, 2, 10, 65, 2, 10, 40, 2, 10, 59, 2, 10, 44, 2, 11, 33, 2, 10, 59, 2, 11, 51, 2, 10, 44, 2, 10, 7, 2, 4, 1, 2, 3, 1, 2, 4, 82, 2, 5, 25, 2, 5, 90, 2, 12, 24, 14, 1, 3, 3, 1, 3, 3, 1, 3, 3, 1, 2, 3, 1, 2, 3, 1, 2, 40, 1, 2, 3, 1, 2, 15, 1, 2, 16, 1, 2, 3, 1, 2, 3, 1, 2, 3, 1, 2, 3, 1, 2, 3, 1, 2, 24, 1, 2, 404, 1, 2, 3, 1, 2, 3, 1, 2, 3, 1, 2, 3, 1, 2, 3, 1, 3, 3, 1, 3, 5, 1, 2, 3, 1, 3, 5, 1, 3, 18, 1, 2, 6, 1, 3, 5, 1, 3, 5, 1, 2, 3, 1, 2, 20, 1, 4, 5, 1, 2, 3, 1, 2, 3, 1, 3, 5, 1, 3, 5, 1, 2, 3, 1, 2, 10, 1, 2, 3, 1, 2, 12, 1, 3, 5, 1, 4, 5, 1, 3, 5, 1, 3, 275, 1, 2, 3, 1, 3, 3, 1, 3, 3, 1, 3, 5, 1, 4, 34, 1, 3, 5, 1, 2, 76, 1, 2, 3, 1, 4, 5, 1, 3, 5, 1, 4, 260, 1, 3, 586, 1, 2, 3, 1, 2, 14, 1, 2, 13, 1, 2, 4, 476, 2, 14, 98, 2, 17, 454, 2, 13, 1726, 1, 4, 1598, ]

weight_list(after reduction): [2, 4, 2, 2, 8, 9, 2, 10, 52, 2, 10, 40, 2, 10, 40, 2, 11, 57, 2, 10, 50, 2, 10, 65, 2, 10, 40, 2, 10, 59, 2, 10, 44, 2, 11, 33, 2, 10, 59, 2, 11, 51, 2, 10, 44, 2, 10, 7, 2, 4, 1, 2, 3, 1, 2, 4, 82, 2, 5, 25, 2, 5, 90, 2, 12, 24, 14, 1, 3, 3, 1, 3, 3, 1, 3, 3, 1, 2, 3, 1, 2, 3, 1, 2, 40, 1, 2, 3, 1, 2, 15, 1, 2, 16, 1, 2, 3, 1, 2, 3, 1, 2, 3, 1, 2, 3, 1, 2, 3, 1, 2, 24, 1, 2, 404, 1, 2, 3, 1, 2, 3, 1, 2, 3, 1, 2, 3, 1, 2, 3, 1, 3, 3, 1, 3, 5, 1, 2, 3, 1, 3, 5, 1, 3, 18, 1, 2, 6, 1, 3, 5, 1, 3, 5, 1, 2, 3, 1, 2, 20, 1, 4, 5, 1, 2, 3, 1, 2, 3, 1, 3, 5, 1, 3, 5, 1, 2, 3, 1, 2, 10, 1, 2, 3, 1, 2, 12, 1, 3, 5, 1, 4, 5, 1, 3, 5, 1, 3, 275, 1, 2, 3, 1, 3, 3, 1, 3, 3, 1, 3, 5, 1, 4, 34, 1, 3, 5, 1, 2, 76, 1, 2, 3, 1, 4, 5, 1, 3, 5, 1, 4, 260, 1, 3, 586, 1, 2, 3, 1, 2, 14, 1, 2, 13, 1, 2, 4, 476, 2, 14, 98, 2, 17, 454, 2, 13, 1726, 1, 4, 1598, ]

No node is deleted.
Number of tests: 1034
Time: 67768 ms
***********************************************************************************************************************************************
weight_list(before reduction): [1, 1, 1, 3, 1, 1, 1, 1, 1, 7, 1, 7, 1, 1, 1, 3, 7, 1, 50, 1, 1, 1, 3, 7, 1, 38, 1, 1, 1, 3, 7, 1, 38, 1, 1, 1, 3, 8, 1, 55, 1, 1, 1, 3, 7, 1, 48, 1, 1, 1, 3, 7, 1, 63, 1, 1, 1, 3, 7, 1, 38, 1, 1, 1, 3, 7, 1, 57, 1, 1, 1, 3, 7, 1, 42, 1, 1, 1, 3, 8, 1, 31, 1, 1, 1, 3, 7, 1, 57, 1, 1, 1, 3, 8, 1, 49, 1, 1, 1, 3, 7, 1, 42, 1, 1, 1, 3, 7, 1, 5, 1, 1, 1, 1, 3, 1, 1, 1, 2, 1, 1, 1, 3, 1, 80, 1, 1, 1, 1, 4, 1, 23, 1, 1, 1, 1, 4, 1, 88, 1, 1, 1, 1, 11, 1, 22, 1, 1, 13, 1, 1, 1, 1, 2, 1, 1, 1, 1, 2, 1, 1, 1, 1, 2, 1, 1, 1, 2, 1, 1, 1, 2, 1, 1, 4, 36, 1, 1, 1, 2, 1, 1, 7, 8, 1, 1, 4, 12, 1, 1, 1, 2, 1, 1, 1, 2, 1, 1, 1, 2, 1, 1, 1, 2, 1, 1, 1, 2, 1, 1, 4, 20, 1, 1, 10, 394, 1, 1, 1, 2, 1, 1, 1, 2, 1, 1, 1, 2, 1, 1, 1, 2, 1, 1, 1, 2, 1, 1, 1, 1, 2, 1, 1, 1, 2, 3, 1, 1, 1, 2, 1, 2, 1, 4, 1, 2, 4, 14, 1, 1, 1, 5, 1, 2, 1, 4, 1, 2, 1, 4, 1, 1, 1, 2, 1, 1, 4, 16, 1, 1, 2, 1, 4, 1, 1, 1, 2, 1, 1, 1, 2, 1, 2, 1, 4, 1, 2, 1, 4, 1, 1, 1, 2, 1, 1, 4, 6, 1, 1, 1, 2, 1, 1, 4, 8, 1, 2, 1, 4, 1, 1, 2, 1, 4, 1, 2, 1, 4, 1, 2, 7, 268, 1, 1, 1, 2, 1, 1, 1, 1, 2, 1, 1, 1, 1, 2, 1, 2, 1, 4, 1, 1, 2, 4, 30, 1, 2, 1, 4, 1, 1, 10, 66, 1, 1, 1, 2, 1, 1, 2, 1, 4, 1, 2, 1, 4, 1, 1, 2, 10, 250, 1, 1, 1, 10, 576, 1, 1, 1, 2, 1, 1, 1, 13, 1, 1, 1, 12, 1, 1, 1, 3, 1, 474, 1, 1, 1, 1, 13, 1, 96, 1, 1, 1, 1, 16, 1, 452, 1, 1, 1, 1, 12, 1, 1724, 1, 1, 3, 1, 1596, 1, ]

weight_list(after reduction): [1, 1, 3, 1, 1, 1, 1, 7, 1, 1, 1, 3, 7, 1, 50, 1, 1, 3, 7, 1, 38, 1, 1, 3, 7, 1, 38, 1, 1, 3, 8, 1, 55, 1, 1, 3, 7, 1, 48, 1, 1, 3, 7, 1, 63, 1, 1, 3, 7, 1, 38, 1, 1, 3, 7, 1, 57, 1, 1, 3, 7, 1, 42, 1, 1, 3, 8, 1, 31, 1, 1, 3, 7, 1, 57, 1, 1, 3, 8, 1, 49, 1, 1, 3, 7, 1, 42, 1, 1, 3, 7, 1, 5, 1, 1, 1, 1, 1, 1, 1, 3, 1, 1, 1, 1, 4, 1, 1, 1, 1, 4, 1, 1, 1, 1, 11, 1, 1, 1, 13, 1, 1, 1, 1, 1, 1, 1, 1, 1, 1, 1, 4, 36, 1, 1, 1, 7, 1, 4, 1, 1, 1, 1, 1, 1, 1, 1, 1, 1, 1, 4, 1, 10, 1, 1, 1, 1, 1, 1, 1, 1, 1, 1, 1, 1, 1, 2, 3, 1, 1, 2, 1, 2, 4, 1, 1, 2, 1, 2, 1, 1, 1, 1, 4, 2, 1, 1, 1, 1, 1, 2, 1, 2, 1, 1, 1, 1, 4, 1, 1, 1, 4, 2, 1, 2, 1, 2, 1, 2, 7, 1, 1, 1, 1, 1, 1, 2, 1, 2, 4, 2, 1, 1, 10, 1, 1, 2, 1, 2, 1, 2, 10, 1, 10, 1, 1, 1, 1, 13, 1, 1, 12, 1, 1, 3, 1, 474, 1, 1, 1, 13, 1, 96, 1, 1, 1, 16, 1, 452, 1, 1, 1, 12, 1, 1724, 1, 1, 3, 1, 1596, 1, ]

[Length of the list before reduction: 431]
[Length of the list after reduction: 271]
Sum of weight before reduction: 7656
Sum of weight after reduction: 5552
Token reduced: 2104
Average weight before reduction: 17.76334106728538
Average weight after reduction: 20.487084870848708
Number of tests: 20621
Time: 3540073 ms
***********************************************************************************************************************************************
weight_list(before reduction): [1, 1, 1, 1, 5, 1, 1, 1, 1, 1, 5, 1, 49, 1, 1, 1, 1, 1, 5, 1, 37, 1, 1, 1, 1, 1, 5, 1, 37, 1, 1, 1, 1, 1, 6, 1, 54, 1, 1, 1, 1, 1, 5, 1, 47, 1, 1, 1, 1, 1, 5, 1, 62, 1, 1, 1, 1, 1, 5, 1, 37, 1, 1, 1, 1, 1, 5, 1, 56, 1, 1, 1, 1, 1, 5, 1, 41, 1, 1, 1, 1, 1, 6, 1, 30, 1, 1, 1, 1, 1, 5, 1, 56, 1, 1, 1, 1, 1, 6, 1, 48, 1, 1, 1, 1, 1, 5, 1, 41, 1, 1, 1, 1, 1, 5, 1, 4, 1, 1, 1, 1, 1, 2, 1, 1, 2, 1, 1, 9, 1, 1, 1, 10, 1, 1, 3, 1, 35, 1, 6, 1, 3, 1, 3, 1, 9, 1, 1, 1, 2, 1, 1, 1, 1, 1, 3, 1, 1, 1, 1, 1, 3, 1, 1, 1, 1, 1, 1, 1, 3, 1, 3, 1, 1, 1, 1, 1, 1, 1, 1, 1, 6, 1, 1, 1, 1, 1, 3, 1, 1, 1, 9, 1, 1, 1, 1, 1, 1, 1, 9, 1, 9, 1, 11, 1, 1, 10, 1, 1, 1, 1, 5, 5, 5, 449, 7, 3, 1, 11, 1, 8, 12, 7, 12, 3, 21, 10, 7, 10, 6, 1, 14, 1, 7, 5, 7, 415, 5, 7, 3, 3, 1, 10, 1, 5, 7, 5, 8, 10, 43, 5, 7, 1628, 6, 1, 1, 1, 7, 5, 4, 4, 4, 9, 9, 9, 9, 9, 38, 9, 58, 38, 9, 9, 9, 9, 9, 38, 78, 9, 9, 9, 9, 9, 9, 9, 11, 11, 11, 68, 9, 11, 11, 11, 11, 11, 11, 9, 38, 11, 11, 11, 9, 9, 11, 11, 11, 11, 11, 11, 9, 38, 9, 38, 11, 11, 11, 11, 11, 11, 11, 11, 11, 94, 9, 9, 9, 11, 11, 11, 68, 11, 11, 11, 78, 9, 11, 11, 11, 11, 11, 11, 120, 78, 9, 9, 3, ]

weight_list(after reduction): [1, 1, 1, 1, 1, 1, 1, 1, 5, 1, 49, 1, 1, 1, 1, 1, 5, 1, 37, 1, 1, 1, 1, 1, 5, 1, 37, 1, 1, 1, 1, 1, 6, 1, 54, 1, 1, 1, 1, 1, 5, 1, 47, 1, 1, 1, 1, 1, 5, 1, 62, 1, 1, 1, 1, 1, 5, 1, 37, 1, 1, 1, 1, 1, 5, 1, 56, 1, 1, 1, 1, 1, 5, 1, 41, 1, 1, 1, 1, 1, 6, 1, 30, 1, 1, 1, 1, 1, 5, 1, 56, 1, 1, 1, 1, 1, 6, 1, 48, 1, 1, 1, 1, 1, 5, 1, 41, 1, 1, 1, 1, 1, 5, 1, 4, 1, 1, 1, 1, 1, 1, 1, 1, 9, 1, 1, 1, 10, 1, 1, 3, 1, 35, 1, 6, 1, 3, 1, 3, 1, 9, 1, 1, 1, 2, 1, 1, 1, 1, 1, 3, 1, 1, 1, 1, 1, 1, 1, 1, 1, 1, 1, 1, 1, 1, 1, 1, 1, 1, 1, 1, 1, 1, 1, 1, 1, 11, 1, 1, 10, 1, 1, 1, 5, 5, 449, 3, 1, 11, 1, 12, 6, 1, 14, 1, 3, 1, 10, 1, 5, 7, 5, 1628, 6, 1, 1, 7, 5, 4, 78, ]

[Length of the list before reduction: 346]
[Length of the list after reduction: 210]
Sum of weight before reduction: 5376
Sum of weight after reduction: 3190
Token reduced: 2186
Average weight before reduction: 15.53757225433526
Average weight after reduction: 15.19047619047619
Number of tests: 4935
Time: 728232 ms
***********************************************************************************************************************************************
weight_list(before reduction): [2, 3, 1, 48, 2, 3, 1, 36, 2, 3, 1, 36, 2, 4, 1, 53, 2, 3, 1, 46, 2, 3, 1, 61, 2, 3, 1, 36, 2, 3, 1, 55, 2, 3, 1, 40, 2, 4, 1, 29, 2, 3, 1, 55, 2, 4, 1, 47, 2, 3, 1, 40, 2, 3, 1, 3, 2, 7, 3, 4, 3, 1, 1, 1, 1, 33, 1, 3, 3, 1, 1, 1, 1, 1, 1, 3, 3, 3, 1, 1, 1, 1, 1, 2, 9, 3, 7, 1, 3, 1, 1, 3, 1, 17, 1, 431, 2, 1, 2, 9, 1, 10, 1, 5, 1, 2, 12, 2, 1, 3, 7, 1, 3, 1, 1, 5, 1, 1, 3, 1, 15, 1, 1612, 5, 1, 1, 5, 1, 1, 3, 1, 3, 1, 12, 1, 65, ]

weight_list(after reduction): [2, 3, 1, 48, 2, 3, 1, 36, 2, 3, 1, 36, 2, 4, 1, 53, 2, 3, 1, 46, 2, 3, 1, 61, 2, 3, 1, 36, 2, 3, 1, 55, 2, 3, 1, 40, 2, 4, 1, 29, 2, 3, 1, 55, 2, 4, 1, 47, 2, 3, 1, 40, 2, 3, 1, 3, 2, 7, 3, 3, 1, 1, 1, 33, 1, 3, 3, 1, 1, 1, 1, 1, 1, 3, 3, 3, 1, 1, 1, 1, 1, 2, 9, 3, 7, 1, 3, 1, 1, 3, 1, 17, 1, 431, 2, 1, 2, 9, 1, 10, 1, 5, 1, 2, 12, 2, 1, 3, 7, 1, 3, 1, 1, 5, 1, 1, 3, 1, 15, 1, 1612, 5, 1, 1, 5, 1, 1, 3, 1, 3, 1, 12, 1, 65, ]

[Length of the list before reduction: 136]
[Length of the list after reduction: 134]
Sum of weight before reduction: 3039
Sum of weight after reduction: 3034
Token reduced: 5
Average weight before reduction: 22.345588235294116
Average weight after reduction: 22.64179104477612
Number of tests: 641
Time: 55800 ms
***********************************************************************************************************************************************
weight_list(before reduction): [1, 1, 1, 2, 36, 12, 1, 1, 1, 2, 24, 12, 1, 1, 1, 2, 24, 12, 1, 1, 1, 3, 35, 18, 1, 1, 1, 2, 29, 17, 1, 1, 1, 2, 49, 12, 1, 1, 1, 2, 24, 12, 1, 1, 1, 2, 38, 17, 1, 1, 1, 2, 23, 17, 1, 1, 1, 3, 11, 18, 1, 1, 1, 2, 38, 17, 1, 1, 1, 3, 29, 18, 1, 1, 1, 2, 23, 17, 1, 1, 1, 2, 1, 2, 1, 1, 4, 3, 2, 1, 2, 1, 4, 29, 1, 1, 1, 1, 1, 1, 1, 1, 1, 1, 1, 1, 1, 1, 1, 1, 1, 3, 3, 3, 1, 2, 3, 4, 1, 2, 1, 2, 1, 1, 15, 1, 429, 1, 1, 1, 1, 1, 3, 3, 3, 2, 8, 1, 4, 1, 1, 3, 3, 3, 3, 1, 1, 1, 2, 3, 4, 1, 2, 2, 3, 1, 2, 1, 1, 13, 1, 1610, 1, 1, 4, 1, 4, 1, 2, 1, 2, 1, 1, 10, 1, 63, 1, ]

weight_list(after reduction): [1, 1, 1, 2, 36, 12, 1, 1, 1, 2, 24, 1, 1, 1, 2, 24, 1, 1, 1, 3, 35, 1, 1, 1, 2, 29, 1, 1, 1, 2, 49, 1, 1, 1, 2, 24, 1, 1, 1, 2, 38, 1, 1, 1, 2, 23, 1, 1, 1, 3, 11, 1, 1, 1, 2, 38, 17, 1, 1, 1, 3, 29, 1, 1, 1, 2, 23, 1, 1, 1, 2, 2, 1, 1, 4, 3, 2, 1, 2, 1, 4, 29, 1, 1, 1, 1, 1, 1, 1, 1, 1, 1, 1, 1, 1, 1, 1, 1, 3, 3, 3, 1, 2, 3, 4, 1, 2, 1, 2, 1, 1, 15, 1, 429, 1, 1, 1, 1, 1, 3, 3, 3, 2, 8, 1, 4, 1, 1, 3, 3, 3, 3, 1, 1, 1, 2, 3, 4, 1, 2, 3, 1, 1, 1, 13, 1, 1610, 1, 1, 4, 1, 4, 1, 2, 1, 2, 1, 1, 10, 1, 63, 1, ]

[Length of the list before reduction: 177]
[Length of the list after reduction: 162]
Sum of weight before reduction: 2981
Sum of weight after reduction: 2805
Token reduced: 176
Average weight before reduction: 16.84180790960452
Average weight after reduction: 17.314814814814813
Number of tests: 1524
Time: 360012 ms
***********************************************************************************************************************************************
weight_list(before reduction): [1, 1, 35, 1, 1, 5, 1, 5, 1, 1, 23, 1, 1, 1, 23, 1, 1, 1, 1, 34, 1, 1, 1, 28, 1, 1, 1, 48, 1, 1, 1, 23, 1, 1, 1, 37, 1, 1, 1, 22, 1, 1, 1, 1, 10, 1, 1, 1, 37, 1, 1, 5, 1, 10, 1, 1, 1, 28, 1, 1, 1, 22, 1, 1, 1, 1, 1, 1, 3, 1, 2, 1, 1, 1, 1, 3, 1, 5, 2, 5, 5, 2, 5, 5, 1, 2, 1, 2, 1, 2, 1, 1, 1, 2, 1, 3, 1, 1, 1, 1, 4, 8, 1, 2, 5, 5, 7, 7, 9, 10, 183, 5, 5, 190, 3, 1, 2, 1, 2, 1, 2, 1, 1, 1, 7, 3, 1, 1, 2, 1, 2, 1, 2, 1, 2, 1, 1, 1, 2, 1, 3, 1, 1, 1, 2, 4, 5, 1, 3, 7, 7, 24, 3, 138, 1412, 13, 6, 3, 1, 2, 2, 1, 1, 1, 1, 4, 3, 1, 2, 12, 1, 50, ]

weight_list(after reduction): [1, 1, 35, 1, 1, 5, 1, 5, 1, 1, 23, 1, 1, 1, 23, 1, 1, 1, 34, 1, 1, 1, 28, 1, 1, 1, 48, 1, 1, 1, 23, 1, 1, 1, 37, 1, 1, 1, 22, 1, 1, 1, 10, 1, 1, 1, 37, 1, 1, 5, 1, 10, 1, 1, 28, 1, 1, 1, 22, 1, 1, 1, 1, 1, 3, 1, 2, 1, 1, 1, 1, 3, 1, 5, 5, 1, 2, 1, 2, 1, 2, 1, 1, 2, 1, 3, 1, 1, 1, 1, 4, 8, 1, 2, 5, 5, 190, 1, 2, 1, 2, 1, 2, 1, 1, 1, 7, 3, 1, 1, 2, 1, 2, 1, 2, 1, 2, 1, 1, 1, 2, 1, 3, 1, 1, 1, 2, 4, 1, 7, 7, 24, 1412, 3, 1, 2, 2, 1, 1, 1, 1, 4, 3, 1, 2, 12, 1, 50, ]

[Length of the list before reduction: 172]
[Length of the list after reduction: 148]
Sum of weight before reduction: 2712
Sum of weight after reduction: 2291
Token reduced: 421
Average weight before reduction: 15.767441860465116
Average weight after reduction: 15.47972972972973
Number of tests: 1767
Time: 475598 ms
***********************************************************************************************************************************************
weight_list(before reduction): [1, 34, 4, 1, 4, 1, 1, 22, 1, 22, 1, 33, 1, 27, 1, 47, 1, 22, 1, 36, 1, 21, 1, 9, 1, 36, 4, 1, 9, 1, 1, 27, 1, 21, 1, 2, 1, 1, 1, 2, 1, 4, 1, 4, 1, 1, 1, 1, 1, 1, 1, 1, 1, 2, 3, 1, 7, 1, 1, 1, 1, 3, 1, 1, 3, 1, 26, 1, 163, 1, 1, 1, 1, 1, 1, 1, 6, 1, 2, 1, 1, 1, 1, 1, 1, 1, 1, 1, 1, 1, 2, 1, 1, 3, 1, 1, 5, 1, 1, 5, 1, 1, 22, 1, 1, 1, 78, 1, 712, 619, 1, 2, 1, 1, 1, 1, 3, 1, 1, 2, 1, 1, 1, 1, 10, 1, 48, 1, ]

weight_list(after reduction): [1, 34, 4, 1, 4, 1, 1, 22, 1, 22, 1, 33, 1, 27, 1, 47, 1, 22, 1, 36, 1, 21, 1, 9, 1, 36, 4, 1, 9, 1, 1, 27, 1, 21, 1, 2, 1, 1, 1, 2, 1, 4, 1, 4, 1, 1, 1, 1, 1, 2, 3, 1, 7, 1, 1, 1, 1, 3, 1, 1, 3, 1, 26, 1, 163, 1, 1, 1, 1, 1, 1, 1, 6, 1, 2, 1, 1, 1, 1, 1, 1, 1, 1, 1, 1, 1, 2, 1, 1, 1, 1, 5, 1, 1, 5, 1, 1, 22, 1, 1, 1, 78, 1, 712, 1, 2, 1, 1, 1, 1, 3, 1, 1, 2, 1, 1, 1, 1, 10, 1, 48, 1, ]

[Length of the list before reduction: 128]
[Length of the list after reduction: 122]
Sum of weight before reduction: 2201
Sum of weight after reduction: 1575
Token reduced: 626
Average weight before reduction: 17.1953125
Average weight after reduction: 12.90983606557377
Number of tests: 884
Time: 176199 ms
***********************************************************************************************************************************************
weight_list(before reduction): [32, 2, 1, 3, 1, 3, 5, 17, 5, 17, 5, 28, 5, 22, 23, 24, 5, 17, 10, 26, 10, 11, 7, 2, 10, 26, 1, 3, 1, 8, 11, 16, 10, 11, 1, 1, 1, 1, 3, 1, 3, 1, 1, 1, 1, 1, 1, 1, 6, 1, 2, 1, 2, 1, 1, 24, 1, 161, 1, 1, 5, 1, 1, 1, 1, 2, 3, 2, 3, 4, 18, 77, 1, 1, 710, 1, 1, 1, 1, 1, 1, 1, 1, 4, 3, 1, 2, 12, 1, 35, ]

weight_list(after reduction): [32, 2, 1, 3, 1, 3, 5, 5, 5, 5, 23, 5, 10, 10, 7, 10, 1, 3, 1, 8, 11, 10, 1, 1, 1, 3, 1, 3, 1, 1, 1, 1, 1, 1, 6, 1, 2, 1, 2, 1, 1, 24, 1, 161, 1, 1, 5, 1, 1, 1, 1, 2, 3, 2, 4, 77, 1, 1, 710, 1, 1, 1, 1, 1, 1, 1, 1, 4, 3, 1, 2, 12, 1, 35, ]

[Length of the list before reduction: 90]
[Length of the list after reduction: 74]
Sum of weight before reduction: 1494
Sum of weight after reduction: 1254
Token reduced: 240
Average weight before reduction: 16.6
Average weight after reduction: 16.945945945945947
Number of tests: 686
Time: 307449 ms
***********************************************************************************************************************************************
weight_list(before reduction): [31, 1, 1, 1, 2, 1, 1, 2, 4, 1, 4, 1, 4, 1, 4, 1, 22, 1, 4, 1, 9, 1, 9, 1, 6, 1, 9, 1, 2, 1, 1, 7, 10, 1, 9, 1, 1, 2, 1, 2, 1, 5, 1, 1, 1, 1, 7, 8, 1, 8, 5, 5, 7, 81, 63, 3, 2, 1, 1, 1, 2, 1, 1, 1, 3, 1, 76, 28, 8, 5, 3, 24, 9, 8, 612, 13, 3, 1, 1, 2, 1, 1, 1, 1, 10, 1, 33, 1, ]

weight_list(after reduction): [1, 2, 1, 1, 2, 4, 1, 4, 1, 4, 1, 4, 1, 22, 1, 4, 1, 9, 1, 9, 1, 6, 1, 9, 1, 2, 1, 1, 10, 1, 9, 1, 1, 2, 1, 2, 1, 5, 1, 1, 1, 1, 7, 8, 1, 8, 7, 63, 3, 2, 1, 1, 1, 2, 1, 1, 1, 76, 24, 9, 3, 1, 1, 2, 1, 1, 1, 1, 10, 1, 33, 1, ]

[Length of the list before reduction: 88]
[Length of the list after reduction: 72]
Sum of weight before reduction: 1217
Sum of weight after reduction: 405
Token reduced: 812
Average weight before reduction: 13.829545454545455
Average weight after reduction: 5.625
Number of tests: 735
Time: 329672 ms
***********************************************************************************************************************************************
weight_list(before reduction): [1, 1, 1, 1, 1, 3, 1, 3, 1, 3, 1, 3, 1, 21, 1, 3, 1, 8, 1, 8, 1, 5, 1, 8, 1, 1, 1, 9, 1, 8, 1, 1, 1, 1, 1, 4, 6, 1, 7, 1, 1, 1, 6, 1, 5, 1, 62, 1, 1, 1, 1, 1, 1, 1, 1, 1, 75, 23, 1, 1, 1, 4, 1, 2, 1, 1, 1, 1, 1, 4, 3, 1, 2, 18, 15, ]

weight_list(after reduction): [1, 1, 1, 1, 1, 3, 1, 3, 1, 3, 1, 3, 1, 21, 1, 3, 1, 8, 1, 8, 1, 5, 1, 8, 1, 1, 1, 9, 1, 8, 1, 1, 1, 4, 6, 1, 7, 1, 1, 1, 6, 1, 5, 1, 62, 1, 1, 1, 1, 1, 1, 1, 1, 1, 23, 1, 1, 1, 4, 1, 2, 1, 1, 1, 1, 1, 4, 3, 1, 2, 18, ]

[Length of the list before reduction: 75]
[Length of the list after reduction: 71]
Sum of weight before reduction: 366
Sum of weight after reduction: 274
Token reduced: 92
Average weight before reduction: 4.88
Average weight after reduction: 3.859154929577465
Number of tests: 435
Time: 135266 ms
***********************************************************************************************************************************************
weight_list(before reduction): [1, 2, 1, 2, 1, 2, 1, 2, 5, 16, 1, 2, 6, 2, 6, 2, 1, 2, 1, 1, 6, 2, 7, 2, 6, 2, 3, 1, 1, 1, 4, 1, 6, 1, 5, 2, 3, 4, 1, 57, 4, 1, 18, 1, 3, 1, 1, 3, 1, 1, 2, 1, 1, 17, 1, ]

weight_list(after reduction): [1, 1, 1, 1, 5, 16, 1, 6, 6, 1, 2, 1, 1, 6, 7, 6, 3, 1, 1, 1, 4, 1, 6, 1, 5, 2, 3, 4, 1, 57, 4, 1, 18, 1, 3, 1, 1, 3, 1, 1, 2, 1, 1, 17, 1, ]

[Length of the list before reduction: 55]
[Length of the list after reduction: 45]
Sum of weight before reduction: 228
Sum of weight after reduction: 208
Token reduced: 20
Average weight before reduction: 4.1454545454545455
Average weight after reduction: 4.622222222222222
Number of tests: 301
Time: 124946 ms
***********************************************************************************************************************************************
weight_list(before reduction): [4, 1, 6, 10, 5, 1, 5, 1, 1, 1, 5, 1, 6, 1, 5, 1, 1, 2, 3, 1, 1, 5, 1, 3, 1, 1, 1, 1, 2, 3, 1, 56, 1, 3, 1, 17, 1, 1, 1, 1, 1, 1, 1, 1, 1, 1, 16, ]

weight_list(after reduction): [4, 1, 6, 10, 5, 1, 5, 1, 1, 5, 1, 6, 1, 5, 1, 1, 2, 3, 1, 1, 1, 3, 1, 1, 1, 1, 2, 3, 1, 56, 1, 3, 1, 17, 1, 1, 1, 1, 1, 1, 1, 1, 1, 1, 16, ]

[Length of the list before reduction: 47]
[Length of the list after reduction: 45]
Sum of weight before reduction: 185
Sum of weight after reduction: 179
Token reduced: 6
Average weight before reduction: 3.9361702127659575
Average weight after reduction: 3.977777777777778
Number of tests: 226
Time: 45547 ms
***********************************************************************************************************************************************
weight_list(before reduction): [1, 3, 1, 5, 1, 9, 1, 4, 1, 4, 1, 4, 1, 5, 1, 4, 1, 1, 1, 2, 1, 2, 1, 1, 1, 2, 1, 55, 1, 2, 1, 16, 1, 14, 1, ]

weight_list(after reduction): [1, 3, 1, 5, 1, 9, 1, 4, 1, 4, 1, 4, 1, 5, 1, 4, 1, 1, 1, 2, 1, 2, 1, 1, 1, 2, 1, 55, 1, 2, 1, 16, 1, 14, 1, ]

No node is deleted.
Number of tests: 134
Time: 16439 ms
***********************************************************************************************************************************************
weight_list(before reduction): [1, 2, 4, 1, 8, 1, 1, 1, 1, 1, 1, 1, 1, 1, 1, 1, 1, 1, 1, 2, 1, 1, 1, 1, 1, 1, 1, 1, 1, 1, 1, 1, 53, 2, 1, 1, 1, 15, 10, 4, ]

weight_list(after reduction): [1, 4, 1, 8, 1, 1, 1, 1, 1, 1, 1, 1, 1, 1, 1, 1, 1, 1, 1, 1, 1, 1, 1, 1, 1, 53, 1, 1, 1, 15, 10, 4, ]

[Length of the list before reduction: 40]
[Length of the list after reduction: 32]
Sum of weight before reduction: 131
Sum of weight after reduction: 120
Token reduced: 11
Average weight before reduction: 3.275
Average weight after reduction: 3.75
Number of tests: 186
Time: 44892 ms
***********************************************************************************************************************************************
weight_list(before reduction): [1, 3, 1, 7, 52, 1, 1, 13, 1, 1, 9, 2, 2, ]

weight_list(after reduction): [1, 3, 1, 7, 52, 1, 1, 13, 1, 1, 9, 2, 2, ]

No node is deleted.
Number of tests: 46
Time: 1765 ms
***********************************************************************************************************************************************
weight_list(before reduction): [1, 2, 1, 6, 1, 51, 11, 2, 3, 3, 3, 1, 1, 1, 1, ]

weight_list(after reduction): [1, 2, 1, 6, 1, 51, 11, 2, 3, 3, 3, 1, 1, 1, 1, ]

No node is deleted.
Number of tests: 54
Time: 10881 ms
***********************************************************************************************************************************************
weight_list(before reduction): [1, 1, 1, 5, 50, 1, 10, 1, 1, 1, 1, 1, 1, 1, 1, 1, 1, 1, 1, ]

weight_list(after reduction): [1, 1, 1, 5, 50, 1, 10, 1, 1, 1, 1, 1, 1, 1, 1, 1, 1, 1, 1, ]

No node is deleted.
Number of tests: 70
Time: 11277 ms
***********************************************************************************************************************************************
weight_list(before reduction): [4, 1, 1, 49, 1, 9, ]

weight_list(after reduction): [4, 1, 1, 49, 1, 9, ]

No node is deleted.
Number of tests: 18
Time: 652 ms
***********************************************************************************************************************************************
weight_list(before reduction): [1, 3, 43, 6, 1, 8, ]

weight_list(after reduction): [1, 3, 43, 6, 1, 8, ]

No node is deleted.
Number of tests: 18
Time: 4191 ms
***********************************************************************************************************************************************
weight_list(before reduction): [1, 2, 42, 1, 1, 5, 1, 6, 1, ]

weight_list(after reduction): [1, 2, 42, 1, 1, 5, 1, 6, 1, ]

No node is deleted.
Number of tests: 30
Time: 9564 ms
***********************************************************************************************************************************************
weight_list(before reduction): [1, 1, 1, 41, 1, 2, 1, 1, 1, 5, ]

weight_list(after reduction): [1, 1, 1, 41, 1, 2, 1, 1, 1, 5, ]

No node is deleted.
Number of tests: 34
Time: 5905 ms
***********************************************************************************************************************************************
weight_list(before reduction): [39, 2, 1, 1, 1, 4, ]

weight_list(after reduction): [39, 2, 1, 1, 1, 4, ]

No node is deleted.
Number of tests: 18
Time: 752 ms
***********************************************************************************************************************************************
weight_list(before reduction): [38, 1, 1, 1, 3, 1, ]

weight_list(after reduction): [38, 1, 1, 1, 3, 1, ]

No node is deleted.
Number of tests: 18
Time: 1751 ms
***********************************************************************************************************************************************
weight_list(before reduction): [1, 37, 1, 2, ]

weight_list(after reduction): [1, 37, 1, 2, ]

No node is deleted.
Number of tests: 10
Time: 361 ms
***********************************************************************************************************************************************
weight_list(before reduction): [33, 4, 1, 1, ]

weight_list(after reduction): [33, 1, 1, ]

[Length of the list before reduction: 4]
[Length of the list after reduction: 3]
Sum of weight before reduction: 39
Sum of weight after reduction: 35
Token reduced: 4
Average weight before reduction: 9.75
Average weight after reduction: 11.666666666666666
Number of tests: 10
Time: 6776 ms
***********************************************************************************************************************************************
weight_list(before reduction): [32, 1, ]

weight_list(after reduction): [32, 1, ]

No node is deleted.
Number of tests: 2
Time: 65 ms
***********************************************************************************************************************************************
weight_list(before reduction): [1, 31, ]

weight_list(after reduction): [1, 31, ]

No node is deleted.
Number of tests: 2
Time: 67 ms
***********************************************************************************************************************************************
weight_list(before reduction): [3, 28, ]

weight_list(after reduction): [3, 28, ]

No node is deleted.
Number of tests: 2
Time: 1050 ms
***********************************************************************************************************************************************
weight_list(before reduction): [1, 2, 1, 27, ]

weight_list(after reduction): [27, ]

[Length of the list before reduction: 4]
[Length of the list after reduction: 1]
Sum of weight before reduction: 31
Sum of weight after reduction: 27
Token reduced: 4
Average weight before reduction: 7.75
Average weight after reduction: 27.0
Number of tests: 6
Time: 8476 ms
***********************************************************************************************************************************************
weight_list(before reduction): [1, 26, ]

weight_list(after reduction): [26, ]

[Length of the list before reduction: 2]
[Length of the list after reduction: 1]
Sum of weight before reduction: 27
Sum of weight after reduction: 26
Token reduced: 1
Average weight before reduction: 13.5
Average weight after reduction: 26.0
Number of tests: 2
Time: 6484 ms
***********************************************************************************************************************************************
weight_list(before reduction): [1, 24, 1, ]

weight_list(after reduction): [24, ]

[Length of the list before reduction: 3]
[Length of the list after reduction: 1]
Sum of weight before reduction: 26
Sum of weight after reduction: 24
Token reduced: 2
Average weight before reduction: 8.666666666666666
Average weight after reduction: 24.0
Number of tests: 4
Time: 5268 ms
***********************************************************************************************************************************************
weight_list(before reduction): [4, 20, ]

weight_list(after reduction): [4, 20, ]

No node is deleted.
Number of tests: 2
Time: 1062 ms
***********************************************************************************************************************************************
weight_list(before reduction): [1, 3, 2, 14, 4, ]

weight_list(after reduction): [1, 14, ]

[Length of the list before reduction: 5]
[Length of the list after reduction: 2]
Sum of weight before reduction: 24
Sum of weight after reduction: 15
Token reduced: 9
Average weight before reduction: 4.8
Average weight after reduction: 7.5
Number of tests: 14
Time: 19802 ms
***********************************************************************************************************************************************
weight_list(before reduction): [1, 13, ]

weight_list(after reduction): [1, 13, ]

No node is deleted.
Number of tests: 2
Time: 67 ms
***********************************************************************************************************************************************
weight_list(before reduction): [12, 1, ]

weight_list(after reduction): [12, 1, ]

No node is deleted.
Number of tests: 2
Time: 78 ms
***********************************************************************************************************************************************
weight_list(before reduction): [1, 11, ]

weight_list(after reduction): [1, 11, ]

No node is deleted.
Number of tests: 2
Time: 75 ms
***********************************************************************************************************************************************
weight_list(before reduction): [1, 10, ]

weight_list(after reduction): [1, 10, ]

No node is deleted.
Number of tests: 2
Time: 993 ms
***********************************************************************************************************************************************
weight_list(before reduction): [1, 9, ]

weight_list(after reduction): [1, 9, ]

No node is deleted.
Number of tests: 2
Time: 73 ms
***********************************************************************************************************************************************
weight_list(before reduction): [1, 8, ]

weight_list(after reduction): [1, 8, ]

No node is deleted.
Number of tests: 2
Time: 1981 ms
***********************************************************************************************************************************************
weight_list(before reduction): [1, 6, 1, ]

weight_list(after reduction): [1, 6, 1, ]

No node is deleted.
Number of tests: 6
Time: 226 ms
***********************************************************************************************************************************************
weight_list(before reduction): [1, 5, ]

weight_list(after reduction): [1, 5, ]

No node is deleted.
Number of tests: 2
Time: 76 ms
***********************************************************************************************************************************************
weight_list(before reduction): [2, 3, ]

weight_list(after reduction): [2, 3, ]

No node is deleted.
Number of tests: 2
Time: 71 ms
***********************************************************************************************************************************************
weight_list(before reduction): [1, 1, 1, 2, ]

weight_list(after reduction): [1, 1, 1, 2, ]

No node is deleted.
Number of tests: 10
Time: 367 ms
***********************************************************************************************************************************************
weight_list(before reduction): [1, 1, ]

weight_list(after reduction): [1, 1, ]

No node is deleted.
Number of tests: 2
Time: 94 ms
***********************************************************************************************************************************************
weight_list(before reduction): [1002, ]

weight_list(after reduction): [1002, ]

No node is deleted.
Number of tests: 0
Time: 0 ms
***********************************************************************************************************************************************
weight_list(before reduction): [1002, ]

weight_list(after reduction): [1002, ]

No node is deleted.
Number of tests: 0
Time: 0 ms
***********************************************************************************************************************************************
weight_list(before reduction): [1, 1, 6, 6, 30, 20, 20, 20, 20, 38, 20, 22, 25, 23, 35, 22, 25, 16, 3, 3, 6, 6, 6, 15, 11, 3, 3, 3, 3, 3, 19, 3, 9, 6, 3, 3, 3, 3, 3, 6, 12, 3, 3, 3, 3, 3, 3, 7, 3, 4, 7, 3, 3, 4, 3, 3, 3, 3, 3, 4, 3, 3, 3, 3, 3, 4, 3, 3, 1, 3, 3, 3, 3, 3, 3, 3, 3, 3, 3, 3, 3, 3, 12, 12, 121, 35, 23, 96, 85, ]

weight_list(after reduction): [1, 30, 38, 35, 15, 3, 3, 19, 3, 3, 6, 12, 12, 121, 96, 85, ]

[Length of the list before reduction: 89]
[Length of the list after reduction: 16]
Sum of weight before reduction: 1002
Sum of weight after reduction: 482
Token reduced: 520
Average weight before reduction: 11.258426966292134
Average weight after reduction: 30.125
Number of tests: 331
Time: 149787 ms
***********************************************************************************************************************************************
weight_list(before reduction): [1, 10, 19, 1, 10, 27, 1, 10, 24, 1, 12, 2, 2, 1, 2, 1, 1, 17, 1, 2, 1, 2, 1, 1, 4, 1, 1, 10, 1, 1, 10, 1, 1, 3, 117, 1, 13, 82, 1, 3, 81, ]

weight_list(after reduction): [1, 10, 19, 1, 10, 27, 1, 10, 24, 1, 12, 2, 2, 1, 2, 1, 1, 17, 1, 2, 1, 2, 1, 1, 4, 1, 1, 10, 1, 1, 10, 1, 1, 3, 117, 1, 13, 82, 1, 3, 81, ]

No node is deleted.
Number of tests: 158
Time: 6482 ms
***********************************************************************************************************************************************
weight_list(before reduction): [3, 7, 1, 17, 1, 3, 7, 1, 25, 1, 3, 7, 1, 22, 1, 1, 11, 1, 1, 1, 1, 1, 1, 3, 14, 1, 1, 1, 1, 1, 3, 1, 9, 1, 9, 1, 2, 1, 115, 1, 1, 12, 1, 80, 1, 1, 2, 1, 79, 1, ]

weight_list(after reduction): [3, 7, 1, 17, 1, 3, 7, 1, 25, 1, 3, 7, 1, 22, 1, 1, 11, 1, 1, 1, 1, 1, 1, 3, 14, 1, 1, 1, 1, 1, 1, 9, 1, 9, 1, 2, 1, 115, 1, 1, 12, 1, 80, 1, 1, 2, 1, 79, 1, ]

[Length of the list before reduction: 50]
[Length of the list after reduction: 49]
Sum of weight before reduction: 462
Sum of weight after reduction: 459
Token reduced: 3
Average weight before reduction: 9.24
Average weight after reduction: 9.36734693877551
Number of tests: 237
Time: 14833 ms
***********************************************************************************************************************************************
weight_list(before reduction): [1, 1, 1, 1, 5, 1, 16, 1, 1, 1, 1, 1, 5, 1, 24, 1, 1, 1, 1, 1, 5, 1, 21, 1, 1, 9, 1, 1, 2, 1, 13, 3, 3, 3, 1, 7, 1, 1, 1, 5, 5, 102, 3, 1, 10, 1, 3, 7, 3, 61, 6, 1, 1, 7, 5, 4, 63, ]

weight_list(after reduction): [1, 1, 1, 1, 5, 1, 16, 1, 1, 1, 1, 1, 5, 1, 24, 1, 1, 1, 1, 1, 5, 1, 21, 1, 1, 9, 1, 1, 2, 1, 13, 3, 3, 3, 1, 7, 1, 1, 1, 5, 102, 3, 1, 10, 1, 7, 61, 6, 1, 1, 7, 5, 4, 63, ]

[Length of the list before reduction: 57]
[Length of the list after reduction: 54]
Sum of weight before reduction: 430
Sum of weight after reduction: 419
Token reduced: 11
Average weight before reduction: 7.543859649122807
Average weight after reduction: 7.7592592592592595
Number of tests: 358
Time: 39288 ms
***********************************************************************************************************************************************
weight_list(before reduction): [2, 3, 1, 15, 2, 3, 1, 23, 2, 3, 1, 20, 2, 7, 1, 1, 1, 11, 1, 1, 1, 1, 1, 1, 1, 1, 1, 1, 2, 5, 1, 3, 1, 17, 1, 84, 2, 1, 3, 7, 1, 5, 1, 4, 1, 56, 5, 1, 1, 5, 1, 1, 3, 1, 3, 1, 12, 1, 50, ]

weight_list(after reduction): [2, 3, 1, 15, 2, 3, 1, 23, 2, 3, 1, 20, 2, 7, 1, 1, 1, 11, 1, 1, 1, 1, 1, 1, 1, 1, 1, 1, 2, 5, 1, 3, 1, 17, 1, 84, 2, 1, 3, 7, 1, 5, 1, 4, 1, 56, 5, 1, 1, 5, 1, 1, 3, 1, 3, 1, 12, 1, 50, ]

No node is deleted.
Number of tests: 230
Time: 12615 ms
***********************************************************************************************************************************************
weight_list(before reduction): [1, 1, 1, 2, 3, 12, 1, 1, 1, 2, 22, 1, 1, 1, 1, 2, 10, 10, 1, 1, 4, 3, 3, 8, 1, 1, 2, 3, 1, 2, 1, 1, 15, 1, 82, 1, 1, 1, 1, 2, 3, 4, 2, 3, 1, 1, 2, 1, 54, 1, 1, 4, 1, 4, 1, 2, 1, 2, 1, 1, 10, 1, 48, 1, ]

weight_list(after reduction): [1, 1, 1, 2, 3, 12, 1, 1, 1, 2, 22, 1, 1, 1, 1, 2, 10, 10, 1, 1, 4, 3, 3, 1, 1, 2, 3, 1, 2, 1, 1, 15, 1, 82, 1, 1, 1, 1, 2, 3, 4, 2, 3, 1, 1, 2, 1, 54, 1, 1, 4, 1, 4, 1, 2, 1, 2, 1, 1, 10, 1, 48, 1, ]

[Length of the list before reduction: 64]
[Length of the list after reduction: 63]
Sum of weight before reduction: 359
Sum of weight after reduction: 351
Token reduced: 8
Average weight before reduction: 5.609375
Average weight after reduction: 5.571428571428571
Number of tests: 272
Time: 40454 ms
***********************************************************************************************************************************************
weight_list(before reduction): [1, 1, 2, 1, 1, 5, 1, 5, 1, 1, 1, 21, 1, 1, 9, 1, 1, 5, 1, 3, 1, 3, 1, 2, 2, 1, 1, 1, 1, 2, 1, 1, 4, 8, 1, 2, 5, 5, 72, 1, 1, 1, 2, 1, 3, 1, 1, 1, 2, 1, 1, 7, 3, 3, 41, 3, 1, 2, 2, 1, 1, 1, 1, 4, 3, 1, 2, 12, 1, 35, ]

weight_list(after reduction): [1, 1, 2, 1, 1, 5, 1, 5, 1, 1, 1, 21, 1, 1, 9, 1, 1, 5, 1, 3, 1, 3, 1, 2, 2, 1, 1, 1, 1, 2, 1, 1, 4, 8, 1, 2, 5, 5, 72, 1, 1, 1, 2, 1, 3, 1, 1, 1, 2, 1, 1, 7, 41, 3, 1, 2, 2, 1, 1, 1, 1, 4, 3, 1, 2, 12, 1, 35, ]

[Length of the list before reduction: 70]
[Length of the list after reduction: 68]
Sum of weight before reduction: 317
Sum of weight after reduction: 311
Token reduced: 6
Average weight before reduction: 4.5285714285714285
Average weight after reduction: 4.573529411764706
Number of tests: 292
Time: 73174 ms
***********************************************************************************************************************************************
weight_list(before reduction): [1, 1, 4, 1, 4, 1, 20, 1, 1, 8, 4, 1, 2, 1, 1, 2, 1, 1, 1, 1, 1, 1, 3, 1, 7, 1, 1, 1, 1, 3, 1, 1, 3, 1, 21, 1, 50, 1, 1, 1, 2, 1, 1, 1, 5, 1, 1, 1, 3, 1, 35, 1, 2, 1, 1, 1, 1, 3, 1, 1, 2, 1, 1, 1, 1, 10, 1, 33, 1, ]

weight_list(after reduction): [1, 1, 4, 1, 4, 1, 20, 1, 1, 8, 4, 1, 2, 1, 1, 2, 1, 1, 1, 1, 1, 1, 3, 1, 7, 1, 1, 1, 1, 3, 1, 1, 3, 1, 21, 1, 50, 1, 1, 1, 2, 1, 1, 1, 5, 1, 1, 1, 3, 1, 35, 1, 2, 1, 1, 1, 1, 3, 1, 1, 2, 1, 1, 1, 1, 10, 1, 33, 1, ]

No node is deleted.
Number of tests: 270
Time: 51624 ms
***********************************************************************************************************************************************
weight_list(before reduction): [1, 3, 1, 3, 1, 19, 7, 1, 1, 3, 1, 1, 1, 1, 1, 1, 1, 1, 6, 1, 2, 1, 2, 1, 1, 19, 1, 48, 1, 1, 1, 2, 3, 2, 1, 1, 33, 1, 1, 1, 1, 1, 1, 1, 1, 4, 3, 1, 2, 12, 1, 20, ]

weight_list(after reduction): [1, 3, 1, 3, 1, 19, 7, 1, 1, 3, 1, 1, 1, 1, 1, 1, 1, 1, 6, 1, 2, 1, 2, 1, 1, 19, 1, 48, 1, 1, 1, 2, 3, 2, 1, 1, 33, 1, 1, 1, 1, 1, 1, 1, 1, 4, 3, 1, 2, 12, 1, 20, ]

No node is deleted.
Number of tests: 202
Time: 38638 ms
***********************************************************************************************************************************************
weight_list(before reduction): [2, 1, 1, 2, 3, 16, 1, 6, 2, 1, 1, 5, 1, 1, 1, 1, 7, 3, 1, 8, 7, 41, 1, 1, 1, 2, 1, 1, 24, 9, 3, 1, 1, 2, 1, 1, 1, 1, 10, 1, 18, 1, ]

weight_list(after reduction): [2, 1, 1, 2, 3, 16, 1, 6, 2, 1, 1, 5, 1, 1, 1, 1, 7, 3, 1, 8, 7, 41, 1, 1, 1, 2, 1, 1, 24, 9, 3, 1, 1, 2, 1, 1, 1, 1, 10, 1, 18, 1, ]

No node is deleted.
Number of tests: 162
Time: 92354 ms
***********************************************************************************************************************************************
weight_list(before reduction): [1, 1, 1, 1, 2, 1, 6, 10, 5, 1, 1, 1, 1, 4, 6, 1, 2, 1, 1, 1, 6, 1, 5, 1, 40, 1, 1, 1, 23, 1, 1, 1, 4, 1, 2, 1, 1, 1, 1, 1, 4, 3, 1, 2, 17, 1, ]

weight_list(after reduction): [1, 1, 1, 1, 2, 1, 6, 10, 5, 1, 1, 1, 1, 4, 6, 1, 2, 1, 1, 1, 6, 1, 5, 1, 40, 1, 1, 1, 23, 1, 1, 1, 4, 1, 2, 1, 1, 1, 1, 1, 4, 3, 1, 2, 17, 1, ]

No node is deleted.
Number of tests: 178
Time: 78939 ms
***********************************************************************************************************************************************
weight_list(before reduction): [1, 1, 1, 5, 1, 9, 1, 4, 3, 1, 1, 1, 4, 1, 1, 1, 5, 2, 3, 4, 1, 35, 4, 1, 18, 1, 3, 1, 1, 3, 1, 1, 2, 1, 1, 1, 16, ]

weight_list(after reduction): [1, 1, 1, 5, 1, 9, 1, 4, 3, 1, 1, 1, 4, 1, 1, 1, 5, 2, 3, 35, 4, 1, 18, 1, 3, 1, 1, 3, 1, 1, 2, 1, 1, 1, 16, ]

[Length of the list before reduction: 37]
[Length of the list after reduction: 35]
Sum of weight before reduction: 141
Sum of weight after reduction: 136
Token reduced: 5
Average weight before reduction: 3.810810810810811
Average weight after reduction: 3.8857142857142857
Number of tests: 145
Time: 85259 ms
***********************************************************************************************************************************************
weight_list(before reduction): [4, 1, 8, 1, 1, 1, 1, 1, 1, 2, 3, 1, 1, 3, 1, 1, 1, 1, 2, 34, 1, 3, 1, 17, 1, 1, 1, 1, 1, 1, 1, 1, 1, 1, 14, 1, ]

weight_list(after reduction): [4, 1, 8, 1, 1, 1, 1, 1, 1, 2, 3, 1, 1, 3, 1, 1, 1, 1, 2, 34, 1, 3, 1, 17, 1, 1, 1, 1, 1, 1, 1, 1, 1, 1, 14, 1, ]

No node is deleted.
Number of tests: 138
Time: 6862 ms
***********************************************************************************************************************************************
weight_list(before reduction): [1, 3, 1, 7, 1, 1, 1, 2, 1, 2, 1, 1, 1, 33, 1, 2, 1, 16, 10, 4, ]

weight_list(after reduction): [1, 3, 1, 7, 1, 1, 1, 2, 1, 2, 1, 1, 1, 33, 1, 2, 1, 16, 10, 4, ]

No node is deleted.
Number of tests: 74
Time: 3012 ms
***********************************************************************************************************************************************
weight_list(before reduction): [1, 2, 1, 6, 1, 1, 1, 1, 32, 1, 1, 1, 1, 15, 1, 9, 2, 2, ]

weight_list(after reduction): [1, 2, 1, 6, 1, 1, 1, 1, 32, 1, 1, 1, 1, 15, 1, 9, 2, 2, ]

No node is deleted.
Number of tests: 66
Time: 10303 ms
***********************************************************************************************************************************************
weight_list(before reduction): [1, 1, 1, 5, 1, 31, 1, 13, 1, 3, 3, 3, 1, 1, 1, 1, ]

weight_list(after reduction): [1, 1, 1, 5, 1, 31, 1, 13, 1, 3, 3, 3, 1, 1, 1, 1, ]

No node is deleted.
Number of tests: 58
Time: 9378 ms
***********************************************************************************************************************************************
weight_list(before reduction): [4, 1, 30, 1, 11, 2, 1, 1, 1, 1, 1, 1, 1, 1, 1, ]

weight_list(after reduction): [4, 1, 30, 1, 11, 2, 1, 1, 1, 1, 1, 1, 1, 1, 1, ]

No node is deleted.
Number of tests: 54
Time: 1804 ms
***********************************************************************************************************************************************
weight_list(before reduction): [1, 3, 1, 29, 10, 1, 1, 1, ]

weight_list(after reduction): [1, 3, 1, 29, 10, 1, 1, 1, ]

No node is deleted.
Number of tests: 26
Time: 816 ms
***********************************************************************************************************************************************
weight_list(before reduction): [1, 2, 23, 6, 1, 9, ]

weight_list(after reduction): [1, 2, 23, 1, 9, ]

[Length of the list before reduction: 6]
[Length of the list after reduction: 5]
Sum of weight before reduction: 42
Sum of weight after reduction: 36
Token reduced: 6
Average weight before reduction: 7.0
Average weight after reduction: 7.2
Number of tests: 22
Time: 15037 ms
***********************************************************************************************************************************************
weight_list(before reduction): [1, 1, 22, 1, 1, 8, ]

weight_list(after reduction): [1, 1, 22, 1, 1, 8, ]

No node is deleted.
Number of tests: 18
Time: 4808 ms
***********************************************************************************************************************************************
weight_list(before reduction): [1, 21, 1, 6, 1, ]

weight_list(after reduction): [1, 21, 1, 6, 1, ]

No node is deleted.
Number of tests: 14
Time: 460 ms
***********************************************************************************************************************************************
weight_list(before reduction): [19, 2, 1, 5, ]

weight_list(after reduction): [19, 1, 5, ]

[Length of the list before reduction: 4]
[Length of the list after reduction: 3]
Sum of weight before reduction: 27
Sum of weight after reduction: 25
Token reduced: 2
Average weight before reduction: 6.75
Average weight after reduction: 8.333333333333334
Number of tests: 10
Time: 4663 ms
***********************************************************************************************************************************************
weight_list(before reduction): [18, 1, 1, 4, ]

weight_list(after reduction): [18, 1, 1, 4, ]

No node is deleted.
Number of tests: 10
Time: 326 ms
***********************************************************************************************************************************************
weight_list(before reduction): [1, 17, 3, 1, ]

weight_list(after reduction): [1, 17, 3, 1, ]

No node is deleted.
Number of tests: 10
Time: 306 ms
***********************************************************************************************************************************************
weight_list(before reduction): [16, 1, 1, 2, ]

weight_list(after reduction): [16, 1, 1, 2, ]

No node is deleted.
Number of tests: 10
Time: 325 ms
***********************************************************************************************************************************************
weight_list(before reduction): [1, 15, 1, 1, ]

weight_list(after reduction): [1, 15, 1, 1, ]

No node is deleted.
Number of tests: 10
Time: 328 ms
***********************************************************************************************************************************************
weight_list(before reduction): [1, 14, ]

weight_list(after reduction): [1, 14, ]

No node is deleted.
Number of tests: 2
Time: 876 ms
***********************************************************************************************************************************************
weight_list(before reduction): [1, 13, ]

weight_list(after reduction): [1, 13, ]

No node is deleted.
Number of tests: 2
Time: 61 ms
***********************************************************************************************************************************************
weight_list(before reduction): [12, 1, ]

weight_list(after reduction): [12, 1, ]

No node is deleted.
Number of tests: 2
Time: 64 ms
***********************************************************************************************************************************************
weight_list(before reduction): [1, 11, ]

weight_list(after reduction): [1, 11, ]

No node is deleted.
Number of tests: 2
Time: 56 ms
***********************************************************************************************************************************************
weight_list(before reduction): [1, 10, ]

weight_list(after reduction): [1, 10, ]

No node is deleted.
Number of tests: 2
Time: 887 ms
***********************************************************************************************************************************************
weight_list(before reduction): [1, 9, ]

weight_list(after reduction): [1, 9, ]

No node is deleted.
Number of tests: 2
Time: 58 ms
***********************************************************************************************************************************************
weight_list(before reduction): [1, 8, ]

weight_list(after reduction): [1, 8, ]

No node is deleted.
Number of tests: 2
Time: 1749 ms
***********************************************************************************************************************************************
weight_list(before reduction): [1, 6, 1, ]

weight_list(after reduction): [1, 6, 1, ]

No node is deleted.
Number of tests: 6
Time: 208 ms
***********************************************************************************************************************************************
weight_list(before reduction): [1, 5, ]

weight_list(after reduction): [1, 5, ]

No node is deleted.
Number of tests: 2
Time: 52 ms
***********************************************************************************************************************************************
weight_list(before reduction): [2, 3, ]

weight_list(after reduction): [2, 3, ]

No node is deleted.
Number of tests: 2
Time: 66 ms
***********************************************************************************************************************************************
weight_list(before reduction): [1, 1, 1, 2, ]

weight_list(after reduction): [1, 1, 1, 2, ]

No node is deleted.
Number of tests: 10
Time: 290 ms
***********************************************************************************************************************************************
weight_list(before reduction): [1, 1, ]

weight_list(after reduction): [1, 1, ]

No node is deleted.
Number of tests: 2
Time: 77 ms
***********************************************************************************************************************************************
weight_list(before reduction): [441, ]

weight_list(after reduction): [441, ]

No node is deleted.
Number of tests: 0
Time: 0 ms
***********************************************************************************************************************************************
weight_list(before reduction): [441, ]

weight_list(after reduction): [441, ]

No node is deleted.
Number of tests: 0
Time: 0 ms
***********************************************************************************************************************************************
weight_list(before reduction): [1, 30, 38, 35, 15, 3, 3, 11, 3, 3, 3, 12, 12, 103, 84, 85, ]

weight_list(after reduction): [1, 30, 38, 35, 15, 3, 3, 11, 3, 3, 3, 12, 12, 103, 84, 85, ]

No node is deleted.
Number of tests: 58
Time: 2560 ms
***********************************************************************************************************************************************
weight_list(before reduction): [1, 10, 19, 1, 10, 27, 1, 10, 24, 1, 12, 2, 2, 1, 2, 1, 1, 9, 1, 2, 1, 2, 1, 2, 1, 1, 10, 1, 1, 10, 1, 1, 3, 99, 1, 13, 70, 1, 3, 81, ]

weight_list(after reduction): [1, 10, 19, 1, 10, 27, 1, 10, 24, 1, 12, 2, 2, 1, 2, 1, 1, 9, 1, 2, 1, 2, 1, 2, 1, 1, 10, 1, 1, 10, 1, 1, 3, 99, 1, 13, 70, 1, 3, 81, ]

No node is deleted.
Number of tests: 154
Time: 5999 ms
***********************************************************************************************************************************************
weight_list(before reduction): [3, 7, 1, 17, 1, 3, 7, 1, 25, 1, 3, 7, 1, 22, 1, 1, 11, 1, 1, 1, 1, 1, 1, 3, 6, 1, 1, 1, 1, 1, 1, 1, 9, 1, 9, 1, 2, 1, 97, 1, 1, 12, 1, 68, 1, 1, 2, 1, 79, 1, ]

weight_list(after reduction): [3, 7, 1, 17, 1, 3, 7, 1, 25, 1, 3, 7, 1, 22, 1, 1, 11, 1, 1, 1, 1, 1, 1, 3, 6, 1, 1, 1, 1, 1, 1, 1, 9, 1, 9, 1, 2, 1, 97, 1, 1, 12, 1, 68, 1, 1, 2, 1, 79, 1, ]

No node is deleted.
Number of tests: 194
Time: 7698 ms
***********************************************************************************************************************************************
weight_list(before reduction): [1, 1, 1, 1, 5, 1, 16, 1, 1, 1, 1, 1, 5, 1, 24, 1, 1, 1, 1, 1, 5, 1, 21, 1, 1, 9, 1, 1, 2, 1, 5, 3, 3, 3, 1, 7, 1, 1, 1, 5, 89, 3, 1, 10, 1, 7, 55, 6, 1, 1, 7, 5, 4, 63, ]

weight_list(after reduction): [1, 1, 1, 1, 5, 1, 16, 1, 1, 1, 1, 1, 5, 1, 24, 1, 1, 1, 1, 1, 5, 1, 21, 1, 1, 9, 1, 1, 2, 1, 5, 3, 3, 3, 1, 7, 1, 1, 1, 5, 89, 3, 1, 10, 1, 7, 55, 6, 1, 1, 7, 5, 4, 63, ]

No node is deleted.
Number of tests: 210
Time: 12270 ms
***********************************************************************************************************************************************
weight_list(before reduction): [2, 3, 1, 15, 2, 3, 1, 23, 2, 3, 1, 20, 2, 7, 1, 1, 1, 3, 1, 1, 1, 1, 1, 1, 1, 1, 1, 1, 2, 5, 1, 3, 1, 17, 1, 71, 2, 1, 3, 7, 1, 5, 1, 4, 1, 50, 5, 1, 1, 5, 1, 1, 3, 1, 3, 1, 12, 1, 50, ]

weight_list(after reduction): [2, 3, 1, 15, 2, 3, 1, 23, 2, 3, 1, 20, 2, 7, 1, 1, 1, 3, 1, 1, 1, 1, 1, 1, 1, 1, 1, 1, 2, 5, 1, 3, 1, 17, 1, 71, 2, 1, 3, 7, 1, 5, 1, 4, 1, 50, 5, 1, 1, 5, 1, 1, 3, 1, 3, 1, 12, 1, 50, ]

No node is deleted.
Number of tests: 230
Time: 12286 ms
***********************************************************************************************************************************************
weight_list(before reduction): [1, 1, 1, 2, 3, 12, 1, 1, 1, 2, 22, 1, 1, 1, 1, 2, 10, 10, 1, 1, 4, 3, 2, 1, 1, 1, 2, 3, 1, 2, 1, 1, 15, 1, 69, 1, 1, 1, 1, 2, 3, 4, 2, 3, 1, 1, 2, 1, 48, 1, 1, 4, 1, 4, 1, 2, 1, 2, 1, 1, 10, 1, 48, 1, ]

weight_list(after reduction): [1, 1, 1, 2, 3, 12, 1, 1, 1, 2, 22, 1, 1, 1, 1, 2, 10, 10, 1, 1, 4, 3, 2, 1, 1, 1, 2, 3, 1, 2, 1, 1, 15, 1, 69, 1, 1, 1, 1, 2, 3, 4, 2, 3, 1, 1, 2, 1, 48, 1, 1, 4, 1, 4, 1, 2, 1, 2, 1, 1, 10, 1, 48, 1, ]

No node is deleted.
Number of tests: 250
Time: 30268 ms
***********************************************************************************************************************************************
weight_list(before reduction): [1, 1, 2, 1, 1, 5, 1, 5, 1, 1, 1, 21, 1, 1, 9, 1, 1, 5, 1, 3, 1, 3, 1, 2, 1, 1, 1, 1, 1, 2, 1, 1, 4, 8, 1, 2, 5, 5, 59, 1, 1, 1, 2, 1, 3, 1, 1, 1, 2, 1, 1, 7, 41, 3, 1, 2, 2, 1, 1, 1, 1, 4, 3, 1, 2, 12, 1, 35, ]

weight_list(after reduction): [1, 1, 2, 1, 1, 5, 1, 5, 1, 1, 1, 21, 1, 1, 9, 1, 1, 5, 1, 3, 1, 3, 1, 2, 1, 1, 1, 1, 1, 2, 1, 1, 4, 8, 1, 2, 5, 5, 59, 1, 1, 1, 2, 1, 3, 1, 1, 1, 2, 1, 1, 7, 41, 3, 1, 2, 2, 1, 1, 1, 1, 4, 3, 1, 2, 12, 1, 35, ]

No node is deleted.
Number of tests: 266
Time: 64825 ms
***********************************************************************************************************************************************
weight_list(before reduction): [1, 1, 4, 1, 4, 1, 20, 1, 1, 8, 4, 1, 2, 1, 1, 2, 1, 1, 1, 1, 3, 1, 7, 1, 1, 1, 1, 3, 1, 1, 3, 1, 21, 1, 37, 1, 1, 1, 2, 1, 1, 1, 5, 1, 1, 1, 3, 1, 35, 1, 2, 1, 1, 1, 1, 3, 1, 1, 2, 1, 1, 1, 1, 10, 1, 33, 1, ]

weight_list(after reduction): [1, 1, 4, 1, 4, 1, 20, 1, 1, 8, 4, 1, 2, 1, 1, 2, 1, 1, 1, 1, 3, 1, 7, 1, 1, 1, 1, 3, 1, 1, 3, 1, 21, 1, 37, 1, 1, 1, 2, 1, 1, 1, 5, 1, 1, 1, 3, 1, 35, 1, 2, 1, 1, 1, 1, 3, 1, 1, 2, 1, 1, 1, 1, 10, 1, 33, 1, ]

No node is deleted.
Number of tests: 262
Time: 50533 ms
***********************************************************************************************************************************************
weight_list(before reduction): [1, 3, 1, 3, 1, 19, 7, 1, 1, 3, 1, 1, 1, 1, 1, 1, 1, 1, 6, 1, 2, 1, 2, 1, 1, 19, 1, 35, 1, 1, 1, 2, 3, 2, 1, 1, 33, 1, 1, 1, 1, 1, 1, 1, 1, 4, 3, 1, 2, 12, 1, 20, ]

weight_list(after reduction): [1, 3, 1, 3, 1, 19, 7, 1, 1, 3, 1, 1, 1, 1, 1, 1, 1, 1, 6, 1, 2, 1, 2, 1, 1, 19, 1, 35, 1, 1, 1, 2, 3, 2, 1, 1, 33, 1, 1, 1, 1, 1, 1, 1, 1, 4, 3, 1, 2, 12, 1, 20, ]

No node is deleted.
Number of tests: 202
Time: 37571 ms
***********************************************************************************************************************************************
weight_list(before reduction): [2, 1, 1, 2, 3, 16, 1, 6, 2, 1, 1, 5, 1, 1, 1, 1, 7, 3, 1, 8, 7, 28, 1, 1, 1, 2, 1, 1, 24, 9, 3, 1, 1, 2, 1, 1, 1, 1, 10, 1, 18, 1, ]

weight_list(after reduction): [2, 1, 1, 2, 3, 16, 1, 6, 2, 1, 1, 5, 1, 1, 1, 1, 7, 3, 1, 8, 28, 1, 1, 1, 2, 1, 1, 24, 9, 3, 1, 1, 2, 1, 1, 1, 1, 10, 1, 18, 1, ]

[Length of the list before reduction: 42]
[Length of the list after reduction: 41]
Sum of weight before reduction: 180
Sum of weight after reduction: 173
Token reduced: 7
Average weight before reduction: 4.285714285714286
Average weight after reduction: 4.219512195121951
Number of tests: 171
Time: 95351 ms
***********************************************************************************************************************************************
weight_list(before reduction): [1, 1, 1, 1, 2, 1, 6, 10, 5, 1, 1, 1, 1, 4, 6, 1, 2, 1, 1, 1, 6, 27, 1, 1, 1, 23, 1, 1, 1, 4, 1, 2, 1, 1, 1, 1, 1, 4, 3, 1, 2, 17, 1, ]

weight_list(after reduction): [1, 1, 1, 1, 2, 1, 6, 10, 5, 1, 1, 1, 1, 4, 6, 1, 2, 1, 1, 1, 6, 27, 1, 1, 1, 23, 1, 1, 1, 4, 1, 2, 1, 1, 1, 1, 1, 4, 3, 1, 2, 17, 1, ]

No node is deleted.
Number of tests: 166
Time: 89455 ms
***********************************************************************************************************************************************
weight_list(before reduction): [1, 1, 1, 5, 1, 9, 1, 4, 3, 1, 1, 1, 4, 1, 1, 1, 5, 26, 1, 4, 1, 18, 1, 3, 1, 1, 3, 1, 1, 2, 1, 1, 1, 16, ]

weight_list(after reduction): [1, 1, 1, 5, 1, 9, 1, 4, 3, 1, 1, 1, 4, 1, 1, 1, 5, 26, 1, 4, 1, 18, 1, 3, 1, 1, 3, 1, 1, 2, 1, 1, 1, 16, ]

No node is deleted.
Number of tests: 130
Time: 76298 ms
***********************************************************************************************************************************************
weight_list(before reduction): [4, 1, 8, 1, 1, 1, 1, 1, 1, 2, 3, 1, 1, 3, 1, 1, 25, 3, 1, 17, 1, 1, 1, 1, 1, 1, 1, 1, 1, 1, 14, 1, ]

weight_list(after reduction): [4, 1, 8, 1, 1, 1, 1, 1, 1, 2, 3, 1, 1, 3, 1, 1, 25, 3, 1, 17, 1, 1, 1, 1, 1, 1, 1, 1, 1, 1, 14, 1, ]

No node is deleted.
Number of tests: 122
Time: 9074 ms
***********************************************************************************************************************************************
weight_list(before reduction): [1, 3, 1, 7, 1, 1, 1, 2, 1, 2, 24, 1, 1, 2, 1, 16, 10, 4, ]

weight_list(after reduction): [1, 3, 1, 7, 1, 1, 1, 2, 1, 2, 24, 1, 1, 2, 1, 16, 10, 4, ]

No node is deleted.
Number of tests: 66
Time: 2907 ms
***********************************************************************************************************************************************
weight_list(before reduction): [1, 2, 1, 6, 1, 1, 1, 1, 1, 23, 1, 1, 1, 15, 1, 9, 2, 2, ]

weight_list(after reduction): [1, 2, 1, 6, 1, 1, 1, 1, 1, 23, 1, 1, 1, 15, 1, 9, 2, 2, ]

No node is deleted.
Number of tests: 66
Time: 10255 ms
***********************************************************************************************************************************************
weight_list(before reduction): [1, 1, 1, 5, 22, 1, 1, 13, 1, 3, 3, 3, 1, 1, 1, 1, ]

weight_list(after reduction): [1, 1, 1, 5, 22, 1, 1, 13, 1, 3, 3, 3, 1, 1, 1, 1, ]

No node is deleted.
Number of tests: 58
Time: 10207 ms
***********************************************************************************************************************************************
weight_list(before reduction): [4, 1, 1, 21, 11, 2, 1, 1, 1, 1, 1, 1, 1, 1, 1, ]

weight_list(after reduction): [4, 1, 1, 21, 11, 2, 1, 1, 1, 1, 1, 1, 1, 1, 1, ]

No node is deleted.
Number of tests: 54
Time: 2218 ms
***********************************************************************************************************************************************
weight_list(before reduction): [1, 3, 20, 1, 10, 1, 1, 1, ]

weight_list(after reduction): [1, 3, 20, 1, 10, 1, 1, 1, ]

No node is deleted.
Number of tests: 26
Time: 954 ms
***********************************************************************************************************************************************
weight_list(before reduction): [1, 2, 1, 19, 1, 9, ]

weight_list(after reduction): [1, 2, 1, 19, 1, 9, ]

No node is deleted.
Number of tests: 18
Time: 5848 ms
***********************************************************************************************************************************************
weight_list(before reduction): [1, 1, 18, 1, 1, 8, ]

weight_list(after reduction): [1, 1, 18, 1, 1, 8, ]

No node is deleted.
Number of tests: 18
Time: 5606 ms
***********************************************************************************************************************************************
weight_list(before reduction): [1, 17, 1, 6, 1, ]

weight_list(after reduction): [1, 17, 1, 6, 1, ]

No node is deleted.
Number of tests: 14
Time: 571 ms
***********************************************************************************************************************************************
weight_list(before reduction): [16, 1, 1, 5, ]

weight_list(after reduction): [16, 1, 1, 5, ]

No node is deleted.
Number of tests: 10
Time: 412 ms
***********************************************************************************************************************************************
weight_list(before reduction): [1, 15, 1, 4, ]

weight_list(after reduction): [1, 15, 1, 4, ]

No node is deleted.
Number of tests: 10
Time: 334 ms
***********************************************************************************************************************************************
weight_list(before reduction): [1, 14, 3, 1, ]

weight_list(after reduction): [1, 14, 3, 1, ]

No node is deleted.
Number of tests: 10
Time: 1122 ms
***********************************************************************************************************************************************
weight_list(before reduction): [1, 13, 1, 2, ]

weight_list(after reduction): [1, 13, 1, 2, ]

No node is deleted.
Number of tests: 10
Time: 1236 ms
***********************************************************************************************************************************************
weight_list(before reduction): [12, 1, 1, 1, ]

weight_list(after reduction): [12, 1, 1, 1, ]

No node is deleted.
Number of tests: 10
Time: 324 ms
***********************************************************************************************************************************************
weight_list(before reduction): [1, 11, ]

weight_list(after reduction): [1, 11, ]

No node is deleted.
Number of tests: 2
Time: 67 ms
***********************************************************************************************************************************************
weight_list(before reduction): [1, 10, ]

weight_list(after reduction): [1, 10, ]

No node is deleted.
Number of tests: 2
Time: 852 ms
***********************************************************************************************************************************************
weight_list(before reduction): [1, 9, ]

weight_list(after reduction): [1, 9, ]

No node is deleted.
Number of tests: 2
Time: 60 ms
***********************************************************************************************************************************************
weight_list(before reduction): [1, 8, ]

weight_list(after reduction): [1, 8, ]

No node is deleted.
Number of tests: 2
Time: 1738 ms
***********************************************************************************************************************************************
weight_list(before reduction): [1, 6, 1, ]

weight_list(after reduction): [1, 6, 1, ]

No node is deleted.
Number of tests: 6
Time: 269 ms
***********************************************************************************************************************************************
weight_list(before reduction): [1, 5, ]

weight_list(after reduction): [1, 5, ]

No node is deleted.
Number of tests: 2
Time: 65 ms
***********************************************************************************************************************************************
weight_list(before reduction): [2, 3, ]

weight_list(after reduction): [2, 3, ]

No node is deleted.
Number of tests: 2
Time: 57 ms
***********************************************************************************************************************************************
weight_list(before reduction): [1, 1, 1, 2, ]

weight_list(after reduction): [1, 1, 1, 2, ]

No node is deleted.
Number of tests: 10
Time: 336 ms
***********************************************************************************************************************************************
weight_list(before reduction): [1, 1, ]

weight_list(after reduction): [1, 1, ]

No node is deleted.
Number of tests: 2
Time: 122 ms
***********************************************************************************************************************************************
weight_list(before reduction): [434, ]

weight_list(after reduction): [434, ]

No node is deleted.
Number of tests: 0
Time: 0 ms
***********************************************************************************************************************************************
weight_list(before reduction): [434, ]

weight_list(after reduction): [434, ]

No node is deleted.
Number of tests: 0
Time: 0 ms
***********************************************************************************************************************************************
weight_list(before reduction): [1, 30, 38, 35, 15, 3, 3, 11, 3, 3, 3, 12, 12, 96, 84, 85, ]

weight_list(after reduction): [1, 30, 38, 35, 15, 3, 3, 11, 3, 3, 12, 12, 96, 84, 85, ]

[Length of the list before reduction: 16]
[Length of the list after reduction: 15]
Sum of weight before reduction: 434
Sum of weight after reduction: 431
Token reduced: 3
Average weight before reduction: 27.125
Average weight after reduction: 28.733333333333334
Number of tests: 66
Time: 7796 ms
***********************************************************************************************************************************************
weight_list(before reduction): [1, 10, 19, 1, 10, 27, 1, 10, 24, 1, 12, 2, 2, 1, 2, 1, 1, 9, 1, 2, 1, 2, 1, 1, 10, 1, 1, 10, 1, 1, 3, 92, 1, 13, 70, 1, 3, 81, ]

weight_list(after reduction): [1, 10, 19, 1, 10, 27, 1, 10, 24, 1, 12, 2, 2, 1, 2, 1, 1, 9, 1, 2, 1, 2, 1, 1, 10, 1, 1, 10, 1, 1, 3, 92, 1, 13, 70, 1, 3, 81, ]

No node is deleted.
Number of tests: 146
Time: 5634 ms
***********************************************************************************************************************************************
weight_list(before reduction): [3, 7, 1, 17, 1, 3, 7, 1, 25, 1, 3, 7, 1, 22, 1, 1, 11, 1, 1, 1, 1, 1, 1, 3, 6, 1, 1, 1, 1, 1, 9, 1, 9, 1, 2, 1, 90, 1, 1, 12, 1, 68, 1, 1, 2, 1, 79, 1, ]

weight_list(after reduction): [3, 7, 1, 17, 1, 3, 7, 1, 25, 1, 3, 7, 1, 22, 1, 1, 11, 1, 1, 1, 1, 1, 1, 3, 6, 1, 1, 1, 1, 1, 9, 1, 9, 1, 2, 1, 90, 1, 1, 12, 1, 68, 1, 1, 2, 1, 79, 1, ]

No node is deleted.
Number of tests: 186
Time: 7271 ms
***********************************************************************************************************************************************
weight_list(before reduction): [1, 1, 1, 1, 5, 1, 16, 1, 1, 1, 1, 1, 5, 1, 24, 1, 1, 1, 1, 1, 5, 1, 21, 1, 1, 9, 1, 1, 2, 1, 5, 3, 3, 3, 1, 7, 1, 1, 1, 5, 82, 3, 1, 10, 1, 7, 55, 6, 1, 1, 7, 5, 4, 63, ]

weight_list(after reduction): [1, 1, 1, 1, 5, 1, 16, 1, 1, 1, 1, 1, 5, 1, 24, 1, 1, 1, 1, 1, 5, 1, 21, 1, 1, 9, 1, 1, 2, 1, 5, 3, 3, 3, 1, 7, 1, 1, 1, 5, 82, 3, 1, 10, 1, 7, 55, 6, 1, 1, 7, 5, 4, 63, ]

No node is deleted.
Number of tests: 210
Time: 12197 ms
***********************************************************************************************************************************************
weight_list(before reduction): [2, 3, 1, 15, 2, 3, 1, 23, 2, 3, 1, 20, 2, 7, 1, 1, 1, 3, 1, 1, 1, 1, 1, 1, 1, 1, 1, 1, 2, 5, 1, 3, 1, 17, 1, 64, 2, 1, 3, 7, 1, 5, 1, 4, 1, 50, 5, 1, 1, 5, 1, 1, 3, 1, 3, 1, 12, 1, 50, ]

weight_list(after reduction): [2, 3, 1, 15, 2, 3, 1, 23, 2, 3, 1, 20, 2, 7, 1, 1, 1, 3, 1, 1, 1, 1, 1, 1, 1, 1, 1, 1, 2, 5, 1, 3, 1, 17, 1, 64, 2, 1, 3, 7, 1, 5, 1, 4, 1, 50, 5, 1, 1, 5, 1, 1, 3, 1, 3, 1, 12, 1, 50, ]

No node is deleted.
Number of tests: 230
Time: 12456 ms
***********************************************************************************************************************************************
weight_list(before reduction): [1, 1, 1, 2, 3, 12, 1, 1, 1, 2, 22, 1, 1, 1, 1, 2, 10, 10, 1, 1, 4, 3, 2, 1, 1, 1, 2, 3, 1, 2, 1, 1, 15, 1, 62, 1, 1, 1, 1, 2, 3, 4, 2, 3, 1, 1, 2, 1, 48, 1, 1, 4, 1, 4, 1, 2, 1, 2, 1, 1, 10, 1, 48, 1, ]

weight_list(after reduction): [1, 1, 1, 2, 3, 12, 1, 1, 1, 2, 22, 1, 1, 1, 1, 2, 10, 10, 1, 1, 4, 3, 2, 1, 1, 1, 2, 3, 1, 2, 1, 1, 15, 1, 62, 1, 1, 1, 1, 2, 3, 4, 2, 3, 1, 1, 2, 1, 48, 1, 1, 4, 1, 4, 1, 2, 1, 2, 1, 1, 10, 1, 48, 1, ]

No node is deleted.
Number of tests: 250
Time: 29870 ms
***********************************************************************************************************************************************
weight_list(before reduction): [1, 1, 2, 1, 1, 5, 1, 5, 1, 1, 1, 21, 1, 1, 9, 1, 1, 5, 1, 3, 1, 3, 1, 2, 1, 1, 1, 1, 1, 2, 1, 1, 4, 8, 1, 2, 5, 5, 52, 1, 1, 1, 2, 1, 3, 1, 1, 1, 2, 1, 1, 7, 41, 3, 1, 2, 2, 1, 1, 1, 1, 4, 3, 1, 2, 12, 1, 35, ]

weight_list(after reduction): [1, 1, 2, 1, 1, 5, 1, 5, 1, 1, 1, 21, 1, 1, 9, 1, 1, 5, 1, 3, 1, 3, 1, 2, 1, 1, 1, 1, 1, 2, 1, 1, 4, 8, 1, 2, 5, 5, 52, 1, 1, 1, 2, 1, 3, 1, 1, 1, 2, 1, 1, 7, 41, 3, 1, 2, 2, 1, 1, 1, 1, 4, 3, 1, 2, 12, 1, 35, ]

No node is deleted.
Number of tests: 266
Time: 64954 ms
***********************************************************************************************************************************************
weight_list(before reduction): [1, 1, 4, 1, 4, 1, 20, 1, 1, 8, 4, 1, 2, 1, 1, 2, 1, 1, 1, 1, 3, 1, 7, 1, 1, 1, 1, 3, 1, 1, 3, 1, 21, 1, 30, 1, 1, 1, 2, 1, 1, 1, 5, 1, 1, 1, 3, 1, 35, 1, 2, 1, 1, 1, 1, 3, 1, 1, 2, 1, 1, 1, 1, 10, 1, 33, 1, ]

weight_list(after reduction): [1, 1, 4, 1, 4, 1, 20, 1, 1, 8, 4, 1, 2, 1, 1, 2, 1, 1, 1, 1, 3, 1, 7, 1, 1, 1, 1, 3, 1, 1, 3, 1, 21, 1, 30, 1, 1, 1, 2, 1, 1, 1, 5, 1, 1, 1, 3, 1, 35, 1, 2, 1, 1, 1, 1, 3, 1, 1, 2, 1, 1, 1, 1, 10, 1, 33, 1, ]

No node is deleted.
Number of tests: 262
Time: 50437 ms
***********************************************************************************************************************************************
weight_list(before reduction): [1, 3, 1, 3, 1, 19, 7, 1, 1, 3, 1, 1, 1, 1, 1, 1, 1, 1, 6, 1, 2, 1, 2, 1, 1, 19, 1, 28, 1, 1, 1, 2, 3, 2, 1, 1, 33, 1, 1, 1, 1, 1, 1, 1, 1, 4, 3, 1, 2, 12, 1, 20, ]

weight_list(after reduction): [1, 3, 1, 3, 1, 19, 7, 1, 1, 3, 1, 1, 1, 1, 1, 1, 1, 1, 6, 1, 2, 1, 2, 1, 1, 19, 1, 28, 1, 1, 1, 2, 3, 2, 1, 1, 33, 1, 1, 1, 1, 1, 1, 1, 1, 4, 3, 1, 2, 12, 1, 20, ]

No node is deleted.
Number of tests: 202
Time: 38249 ms
***********************************************************************************************************************************************
weight_list(before reduction): [2, 1, 1, 2, 3, 16, 1, 6, 2, 1, 1, 5, 1, 1, 1, 1, 7, 3, 1, 8, 27, 1, 1, 1, 1, 2, 1, 1, 24, 9, 3, 1, 1, 2, 1, 1, 1, 1, 10, 1, 18, 1, ]

weight_list(after reduction): [2, 1, 1, 2, 3, 16, 1, 6, 2, 1, 1, 5, 1, 1, 1, 1, 7, 3, 1, 8, 27, 1, 1, 1, 1, 2, 1, 1, 24, 9, 3, 1, 1, 2, 1, 1, 1, 1, 10, 1, 18, 1, ]

No node is deleted.
Number of tests: 162
Time: 90694 ms
***********************************************************************************************************************************************
weight_list(before reduction): [1, 1, 1, 1, 2, 1, 6, 10, 5, 1, 1, 1, 1, 4, 6, 1, 2, 1, 1, 1, 6, 26, 1, 1, 1, 23, 1, 1, 1, 4, 1, 2, 1, 1, 1, 1, 1, 4, 3, 1, 2, 17, 1, ]

weight_list(after reduction): [1, 1, 1, 1, 2, 1, 6, 10, 5, 1, 1, 1, 1, 4, 6, 1, 2, 1, 1, 1, 6, 26, 1, 1, 1, 23, 1, 1, 1, 4, 1, 2, 1, 1, 1, 1, 1, 4, 3, 1, 2, 17, 1, ]

No node is deleted.
Number of tests: 166
Time: 89330 ms
***********************************************************************************************************************************************
weight_list(before reduction): [1, 1, 1, 5, 1, 9, 1, 4, 3, 1, 1, 1, 4, 1, 1, 1, 5, 1, 25, 4, 1, 18, 1, 3, 1, 1, 3, 1, 1, 2, 1, 1, 1, 16, ]

weight_list(after reduction): [1, 1, 1, 5, 1, 9, 1, 4, 3, 1, 1, 1, 4, 1, 1, 1, 5, 1, 25, 4, 1, 18, 1, 3, 1, 1, 3, 1, 1, 2, 1, 1, 1, 16, ]

No node is deleted.
Number of tests: 130
Time: 77326 ms
***********************************************************************************************************************************************
weight_list(before reduction): [4, 1, 8, 1, 1, 1, 1, 1, 1, 2, 3, 1, 1, 3, 1, 24, 1, 3, 1, 17, 1, 1, 1, 1, 1, 1, 1, 1, 1, 1, 14, 1, ]

weight_list(after reduction): [4, 1, 8, 1, 1, 1, 1, 1, 1, 2, 3, 1, 1, 3, 1, 24, 1, 3, 1, 17, 1, 1, 1, 1, 1, 1, 1, 1, 1, 1, 14, 1, ]

No node is deleted.
Number of tests: 122
Time: 8651 ms
***********************************************************************************************************************************************
weight_list(before reduction): [1, 3, 1, 7, 1, 1, 1, 2, 1, 2, 1, 23, 1, 2, 1, 16, 10, 4, ]

weight_list(after reduction): [1, 3, 1, 7, 1, 1, 1, 2, 1, 2, 1, 23, 1, 2, 1, 16, 10, 4, ]

No node is deleted.
Number of tests: 66
Time: 2851 ms
***********************************************************************************************************************************************
weight_list(before reduction): [1, 2, 1, 6, 1, 1, 1, 1, 22, 1, 1, 1, 1, 15, 1, 9, 2, 2, ]

weight_list(after reduction): [1, 2, 1, 6, 1, 1, 1, 1, 22, 1, 1, 1, 1, 15, 1, 9, 2, 2, ]

No node is deleted.
Number of tests: 66
Time: 10746 ms
***********************************************************************************************************************************************
weight_list(before reduction): [1, 1, 1, 5, 1, 21, 1, 13, 1, 3, 3, 3, 1, 1, 1, 1, ]

weight_list(after reduction): [1, 1, 1, 5, 1, 21, 1, 13, 1, 3, 3, 3, 1, 1, 1, 1, ]

No node is deleted.
Number of tests: 58
Time: 10095 ms
***********************************************************************************************************************************************
weight_list(before reduction): [4, 1, 20, 1, 11, 2, 1, 1, 1, 1, 1, 1, 1, 1, 1, ]

weight_list(after reduction): [4, 1, 20, 1, 11, 2, 1, 1, 1, 1, 1, 1, 1, 1, 1, ]

No node is deleted.
Number of tests: 54
Time: 1889 ms
***********************************************************************************************************************************************
weight_list(before reduction): [1, 3, 1, 19, 10, 1, 1, 1, ]

weight_list(after reduction): [1, 3, 1, 19, 10, 1, 1, 1, ]

No node is deleted.
Number of tests: 26
Time: 842 ms
***********************************************************************************************************************************************
weight_list(before reduction): [1, 2, 18, 1, 1, 9, ]

weight_list(after reduction): [1, 2, 18, 1, 1, 9, ]

No node is deleted.
Number of tests: 18
Time: 5322 ms
***********************************************************************************************************************************************
weight_list(before reduction): [1, 1, 1, 17, 1, 8, ]

weight_list(after reduction): [1, 1, 1, 17, 1, 8, ]

No node is deleted.
Number of tests: 18
Time: 5303 ms
***********************************************************************************************************************************************
weight_list(before reduction): [16, 1, 1, 6, 1, ]

weight_list(after reduction): [16, 1, 1, 6, 1, ]

No node is deleted.
Number of tests: 14
Time: 541 ms
***********************************************************************************************************************************************
weight_list(before reduction): [1, 15, 1, 5, ]

weight_list(after reduction): [1, 15, 1, 5, ]

No node is deleted.
Number of tests: 10
Time: 336 ms
***********************************************************************************************************************************************
weight_list(before reduction): [1, 14, 1, 4, ]

weight_list(after reduction): [1, 14, 1, 4, ]

No node is deleted.
Number of tests: 10
Time: 1201 ms
***********************************************************************************************************************************************
weight_list(before reduction): [1, 13, 3, 1, ]

weight_list(after reduction): [1, 13, 3, 1, ]

No node is deleted.
Number of tests: 10
Time: 1167 ms
***********************************************************************************************************************************************
weight_list(before reduction): [12, 1, 1, 2, ]

weight_list(after reduction): [12, 1, 1, 2, ]

No node is deleted.
Number of tests: 10
Time: 328 ms
***********************************************************************************************************************************************
weight_list(before reduction): [1, 11, 1, 1, ]

weight_list(after reduction): [1, 11, 1, 1, ]

No node is deleted.
Number of tests: 10
Time: 440 ms
***********************************************************************************************************************************************
weight_list(before reduction): [1, 10, ]

weight_list(after reduction): [1, 10, ]

No node is deleted.
Number of tests: 2
Time: 909 ms
***********************************************************************************************************************************************
weight_list(before reduction): [1, 9, ]

weight_list(after reduction): [1, 9, ]

No node is deleted.
Number of tests: 2
Time: 63 ms
***********************************************************************************************************************************************
weight_list(before reduction): [1, 8, ]

weight_list(after reduction): [1, 8, ]

No node is deleted.
Number of tests: 2
Time: 1708 ms
***********************************************************************************************************************************************
weight_list(before reduction): [1, 6, 1, ]

weight_list(after reduction): [1, 6, 1, ]

No node is deleted.
Number of tests: 6
Time: 200 ms
***********************************************************************************************************************************************
weight_list(before reduction): [1, 5, ]

weight_list(after reduction): [1, 5, ]

No node is deleted.
Number of tests: 2
Time: 63 ms
***********************************************************************************************************************************************
weight_list(before reduction): [2, 3, ]

weight_list(after reduction): [2, 3, ]

No node is deleted.
Number of tests: 2
Time: 70 ms
***********************************************************************************************************************************************
weight_list(before reduction): [1, 1, 1, 2, ]

weight_list(after reduction): [1, 1, 1, 2, ]

No node is deleted.
Number of tests: 10
Time: 389 ms
***********************************************************************************************************************************************
weight_list(before reduction): [1, 1, ]

weight_list(after reduction): [1, 1, ]

No node is deleted.
Number of tests: 2
Time: 78 ms
***********************************************************************************************************************************************
weight_list(before reduction): [431, ]

weight_list(after reduction): [431, ]

No node is deleted.
Number of tests: 0
Time: 0 ms
***********************************************************************************************************************************************
weight_list(before reduction): [431, ]

weight_list(after reduction): [431, ]

No node is deleted.
Number of tests: 0
Time: 0 ms
***********************************************************************************************************************************************
weight_list(before reduction): [1, 30, 38, 35, 15, 3, 3, 11, 3, 3, 12, 12, 96, 84, 85, ]

weight_list(after reduction): [1, 30, 38, 35, 15, 3, 3, 11, 3, 3, 12, 12, 96, 84, 85, ]

No node is deleted.
Number of tests: 54
Time: 2414 ms
***********************************************************************************************************************************************
weight_list(before reduction): [1, 10, 19, 1, 10, 27, 1, 10, 24, 1, 12, 2, 2, 1, 2, 1, 1, 9, 1, 2, 1, 2, 1, 1, 10, 1, 1, 10, 1, 1, 3, 92, 1, 13, 70, 1, 3, 81, ]

weight_list(after reduction): [1, 10, 19, 1, 10, 27, 1, 10, 24, 1, 12, 2, 2, 1, 2, 1, 1, 9, 1, 2, 1, 2, 1, 1, 10, 1, 1, 10, 1, 1, 3, 92, 1, 13, 70, 1, 3, 81, ]

No node is deleted.
Number of tests: 146
Time: 6087 ms
***********************************************************************************************************************************************
weight_list(before reduction): [3, 7, 1, 17, 1, 3, 7, 1, 25, 1, 3, 7, 1, 22, 1, 1, 11, 1, 1, 1, 1, 1, 1, 3, 6, 1, 1, 1, 1, 1, 9, 1, 9, 1, 2, 1, 90, 1, 1, 12, 1, 68, 1, 1, 2, 1, 79, 1, ]

weight_list(after reduction): [3, 7, 1, 17, 1, 3, 7, 1, 25, 1, 3, 7, 1, 22, 1, 1, 11, 1, 1, 1, 1, 1, 1, 3, 6, 1, 1, 1, 1, 1, 9, 1, 9, 1, 2, 1, 90, 1, 1, 12, 1, 68, 1, 1, 2, 1, 79, 1, ]

No node is deleted.
Number of tests: 186
Time: 7229 ms
***********************************************************************************************************************************************
weight_list(before reduction): [1, 1, 1, 1, 5, 1, 16, 1, 1, 1, 1, 1, 5, 1, 24, 1, 1, 1, 1, 1, 5, 1, 21, 1, 1, 9, 1, 1, 2, 1, 5, 3, 3, 3, 1, 7, 1, 1, 1, 5, 82, 3, 1, 10, 1, 7, 55, 6, 1, 1, 7, 5, 4, 63, ]

weight_list(after reduction): [1, 1, 1, 1, 5, 1, 16, 1, 1, 1, 1, 1, 5, 1, 24, 1, 1, 1, 1, 1, 5, 1, 21, 1, 1, 9, 1, 1, 2, 1, 5, 3, 3, 3, 1, 7, 1, 1, 1, 5, 82, 3, 1, 10, 1, 7, 55, 6, 1, 1, 7, 5, 4, 63, ]

No node is deleted.
Number of tests: 210
Time: 13052 ms
***********************************************************************************************************************************************
weight_list(before reduction): [2, 3, 1, 15, 2, 3, 1, 23, 2, 3, 1, 20, 2, 7, 1, 1, 1, 3, 1, 1, 1, 1, 1, 1, 1, 1, 1, 1, 2, 5, 1, 3, 1, 17, 1, 64, 2, 1, 3, 7, 1, 5, 1, 4, 1, 50, 5, 1, 1, 5, 1, 1, 3, 1, 3, 1, 12, 1, 50, ]

weight_list(after reduction): [2, 3, 1, 15, 2, 3, 1, 23, 2, 3, 1, 20, 2, 7, 1, 1, 1, 3, 1, 1, 1, 1, 1, 1, 1, 1, 1, 1, 2, 5, 1, 3, 1, 17, 1, 64, 2, 1, 3, 7, 1, 5, 1, 4, 1, 50, 5, 1, 1, 5, 1, 1, 3, 1, 3, 1, 12, 1, 50, ]

No node is deleted.
Number of tests: 230
Time: 12274 ms
***********************************************************************************************************************************************
weight_list(before reduction): [1, 1, 1, 2, 3, 12, 1, 1, 1, 2, 22, 1, 1, 1, 1, 2, 10, 10, 1, 1, 4, 3, 2, 1, 1, 1, 2, 3, 1, 2, 1, 1, 15, 1, 62, 1, 1, 1, 1, 2, 3, 4, 2, 3, 1, 1, 2, 1, 48, 1, 1, 4, 1, 4, 1, 2, 1, 2, 1, 1, 10, 1, 48, 1, ]

weight_list(after reduction): [1, 1, 1, 2, 3, 12, 1, 1, 1, 2, 22, 1, 1, 1, 1, 2, 10, 10, 1, 1, 4, 3, 2, 1, 1, 1, 2, 3, 1, 2, 1, 1, 15, 1, 62, 1, 1, 1, 1, 2, 3, 4, 2, 3, 1, 1, 2, 1, 48, 1, 1, 4, 1, 4, 1, 2, 1, 2, 1, 1, 10, 1, 48, 1, ]

No node is deleted.
Number of tests: 250
Time: 31371 ms
***********************************************************************************************************************************************
weight_list(before reduction): [1, 1, 2, 1, 1, 5, 1, 5, 1, 1, 1, 21, 1, 1, 9, 1, 1, 5, 1, 3, 1, 3, 1, 2, 1, 1, 1, 1, 1, 2, 1, 1, 4, 8, 1, 2, 5, 5, 52, 1, 1, 1, 2, 1, 3, 1, 1, 1, 2, 1, 1, 7, 41, 3, 1, 2, 2, 1, 1, 1, 1, 4, 3, 1, 2, 12, 1, 35, ]

weight_list(after reduction): [1, 1, 2, 1, 1, 5, 1, 5, 1, 1, 1, 21, 1, 1, 9, 1, 1, 5, 1, 3, 1, 3, 1, 2, 1, 1, 1, 1, 1, 2, 1, 1, 4, 8, 1, 2, 5, 5, 52, 1, 1, 1, 2, 1, 3, 1, 1, 1, 2, 1, 1, 7, 41, 3, 1, 2, 2, 1, 1, 1, 1, 4, 3, 1, 2, 12, 1, 35, ]

No node is deleted.
Number of tests: 266
Time: 65672 ms
***********************************************************************************************************************************************
weight_list(before reduction): [1, 1, 4, 1, 4, 1, 20, 1, 1, 8, 4, 1, 2, 1, 1, 2, 1, 1, 1, 1, 3, 1, 7, 1, 1, 1, 1, 3, 1, 1, 3, 1, 21, 1, 30, 1, 1, 1, 2, 1, 1, 1, 5, 1, 1, 1, 3, 1, 35, 1, 2, 1, 1, 1, 1, 3, 1, 1, 2, 1, 1, 1, 1, 10, 1, 33, 1, ]

weight_list(after reduction): [1, 1, 4, 1, 4, 1, 20, 1, 1, 8, 4, 1, 2, 1, 1, 2, 1, 1, 1, 1, 3, 1, 7, 1, 1, 1, 1, 3, 1, 1, 3, 1, 21, 1, 30, 1, 1, 1, 2, 1, 1, 1, 5, 1, 1, 1, 3, 1, 35, 1, 2, 1, 1, 1, 1, 3, 1, 1, 2, 1, 1, 1, 1, 10, 1, 33, 1, ]

No node is deleted.
Number of tests: 262
Time: 51390 ms
***********************************************************************************************************************************************
weight_list(before reduction): [1, 3, 1, 3, 1, 19, 7, 1, 1, 3, 1, 1, 1, 1, 1, 1, 1, 1, 6, 1, 2, 1, 2, 1, 1, 19, 1, 28, 1, 1, 1, 2, 3, 2, 1, 1, 33, 1, 1, 1, 1, 1, 1, 1, 1, 4, 3, 1, 2, 12, 1, 20, ]

weight_list(after reduction): [1, 3, 1, 3, 1, 19, 7, 1, 1, 3, 1, 1, 1, 1, 1, 1, 1, 1, 6, 1, 2, 1, 2, 1, 1, 19, 1, 28, 1, 1, 1, 2, 3, 2, 1, 1, 33, 1, 1, 1, 1, 1, 1, 1, 1, 4, 3, 1, 2, 12, 1, 20, ]

No node is deleted.
Number of tests: 202
Time: 37668 ms
***********************************************************************************************************************************************
weight_list(before reduction): [2, 1, 1, 2, 3, 16, 1, 6, 2, 1, 1, 5, 1, 1, 1, 1, 7, 3, 1, 8, 27, 1, 1, 1, 1, 2, 1, 1, 24, 9, 3, 1, 1, 2, 1, 1, 1, 1, 10, 1, 18, 1, ]

weight_list(after reduction): [2, 1, 1, 2, 3, 16, 1, 6, 2, 1, 1, 5, 1, 1, 1, 1, 7, 3, 1, 8, 27, 1, 1, 1, 1, 2, 1, 1, 24, 9, 3, 1, 1, 2, 1, 1, 1, 1, 10, 1, 18, 1, ]

No node is deleted.
Number of tests: 162
Time: 89788 ms
***********************************************************************************************************************************************
weight_list(before reduction): [1, 1, 1, 1, 2, 1, 6, 10, 5, 1, 1, 1, 1, 4, 6, 1, 2, 1, 1, 1, 6, 26, 1, 1, 1, 23, 1, 1, 1, 4, 1, 2, 1, 1, 1, 1, 1, 4, 3, 1, 2, 17, 1, ]

weight_list(after reduction): [1, 1, 1, 1, 2, 1, 6, 10, 5, 1, 1, 1, 1, 4, 6, 1, 2, 1, 1, 1, 6, 26, 1, 1, 1, 23, 1, 1, 1, 4, 1, 2, 1, 1, 1, 1, 1, 4, 3, 1, 2, 17, 1, ]

No node is deleted.
Number of tests: 166
Time: 88611 ms
***********************************************************************************************************************************************
weight_list(before reduction): [1, 1, 1, 5, 1, 9, 1, 4, 3, 1, 1, 1, 4, 1, 1, 1, 5, 1, 25, 4, 1, 18, 1, 3, 1, 1, 3, 1, 1, 2, 1, 1, 1, 16, ]

weight_list(after reduction): [1, 1, 1, 5, 1, 9, 1, 4, 3, 1, 1, 1, 4, 1, 1, 1, 5, 1, 25, 4, 1, 18, 1, 3, 1, 1, 3, 1, 1, 2, 1, 1, 1, 16, ]

No node is deleted.
Number of tests: 130
Time: 76445 ms
***********************************************************************************************************************************************
weight_list(before reduction): [4, 1, 8, 1, 1, 1, 1, 1, 1, 2, 3, 1, 1, 3, 1, 24, 1, 3, 1, 17, 1, 1, 1, 1, 1, 1, 1, 1, 1, 1, 14, 1, ]

weight_list(after reduction): [4, 1, 8, 1, 1, 1, 1, 1, 1, 2, 3, 1, 1, 3, 1, 24, 1, 3, 1, 17, 1, 1, 1, 1, 1, 1, 1, 1, 1, 1, 14, 1, ]

No node is deleted.
Number of tests: 122
Time: 8708 ms
***********************************************************************************************************************************************
weight_list(before reduction): [1, 3, 1, 7, 1, 1, 1, 2, 1, 2, 1, 23, 1, 2, 1, 16, 10, 4, ]

weight_list(after reduction): [1, 3, 1, 7, 1, 1, 1, 2, 1, 2, 1, 23, 1, 2, 1, 16, 10, 4, ]

No node is deleted.
Number of tests: 66
Time: 2789 ms
***********************************************************************************************************************************************
weight_list(before reduction): [1, 2, 1, 6, 1, 1, 1, 1, 22, 1, 1, 1, 1, 15, 1, 9, 2, 2, ]

weight_list(after reduction): [1, 2, 1, 6, 1, 1, 1, 1, 22, 1, 1, 1, 1, 15, 1, 9, 2, 2, ]

No node is deleted.
Number of tests: 66
Time: 9785 ms
***********************************************************************************************************************************************
weight_list(before reduction): [1, 1, 1, 5, 1, 21, 1, 13, 1, 3, 3, 3, 1, 1, 1, 1, ]

weight_list(after reduction): [1, 1, 1, 5, 1, 21, 1, 13, 1, 3, 3, 3, 1, 1, 1, 1, ]

No node is deleted.
Number of tests: 58
Time: 9121 ms
***********************************************************************************************************************************************
weight_list(before reduction): [4, 1, 20, 1, 11, 2, 1, 1, 1, 1, 1, 1, 1, 1, 1, ]

weight_list(after reduction): [4, 1, 20, 1, 11, 2, 1, 1, 1, 1, 1, 1, 1, 1, 1, ]

No node is deleted.
Number of tests: 54
Time: 1833 ms
***********************************************************************************************************************************************
weight_list(before reduction): [1, 3, 1, 19, 10, 1, 1, 1, ]

weight_list(after reduction): [1, 3, 1, 19, 10, 1, 1, 1, ]

No node is deleted.
Number of tests: 26
Time: 848 ms
***********************************************************************************************************************************************
weight_list(before reduction): [1, 2, 18, 1, 1, 9, ]

weight_list(after reduction): [1, 2, 18, 1, 1, 9, ]

No node is deleted.
Number of tests: 18
Time: 5254 ms
***********************************************************************************************************************************************
weight_list(before reduction): [1, 1, 1, 17, 1, 8, ]

weight_list(after reduction): [1, 1, 1, 17, 1, 8, ]

No node is deleted.
Number of tests: 18
Time: 5519 ms
***********************************************************************************************************************************************
weight_list(before reduction): [16, 1, 1, 6, 1, ]

weight_list(after reduction): [16, 1, 1, 6, 1, ]

No node is deleted.
Number of tests: 14
Time: 493 ms
***********************************************************************************************************************************************
weight_list(before reduction): [1, 15, 1, 5, ]

weight_list(after reduction): [1, 15, 1, 5, ]

No node is deleted.
Number of tests: 10
Time: 324 ms
***********************************************************************************************************************************************
weight_list(before reduction): [1, 14, 1, 4, ]

weight_list(after reduction): [1, 14, 1, 4, ]

No node is deleted.
Number of tests: 10
Time: 1200 ms
***********************************************************************************************************************************************
weight_list(before reduction): [1, 13, 3, 1, ]

weight_list(after reduction): [1, 13, 3, 1, ]

No node is deleted.
Number of tests: 10
Time: 1202 ms
***********************************************************************************************************************************************
weight_list(before reduction): [12, 1, 1, 2, ]

weight_list(after reduction): [12, 1, 1, 2, ]

No node is deleted.
Number of tests: 10
Time: 312 ms
***********************************************************************************************************************************************
weight_list(before reduction): [1, 11, 1, 1, ]

weight_list(after reduction): [1, 11, 1, 1, ]

No node is deleted.
Number of tests: 10
Time: 346 ms
***********************************************************************************************************************************************
weight_list(before reduction): [1, 10, ]

weight_list(after reduction): [1, 10, ]

No node is deleted.
Number of tests: 2
Time: 840 ms
***********************************************************************************************************************************************
weight_list(before reduction): [1, 9, ]

weight_list(after reduction): [1, 9, ]

No node is deleted.
Number of tests: 2
Time: 55 ms
***********************************************************************************************************************************************
weight_list(before reduction): [1, 8, ]

weight_list(after reduction): [1, 8, ]

No node is deleted.
Number of tests: 2
Time: 1849 ms
***********************************************************************************************************************************************
weight_list(before reduction): [1, 6, 1, ]

weight_list(after reduction): [1, 6, 1, ]

No node is deleted.
Number of tests: 6
Time: 183 ms
***********************************************************************************************************************************************
weight_list(before reduction): [1, 5, ]

weight_list(after reduction): [1, 5, ]

No node is deleted.
Number of tests: 2
Time: 60 ms
***********************************************************************************************************************************************
weight_list(before reduction): [2, 3, ]

weight_list(after reduction): [2, 3, ]

No node is deleted.
Number of tests: 2
Time: 62 ms
***********************************************************************************************************************************************
weight_list(before reduction): [1, 1, 1, 2, ]

weight_list(after reduction): [1, 1, 1, 2, ]

No node is deleted.
Number of tests: 10
Time: 311 ms
***********************************************************************************************************************************************
weight_list(before reduction): [1, 1, ]

weight_list(after reduction): [1, 1, ]

No node is deleted.
Number of tests: 2
Time: 83 ms
***********************************************************************************************************************************************
/tmp/benchmark
