Running with arguments: /tmp/benchmark/binaries/run_hdd_ddmin.sh /tmp/benchmark/c_benchmarks/clang-23353/r.sh /tmp/benchmark/c_benchmarks/clang-23353/small.c /tmp/benchmark/stat/hdd_wdd_ddmin_c/hdd_ddmin_0/clang-23353 /tmp/tmpfdl1i7x_
/tmp/tmp.HHo7EjgcwN /tmp/benchmark
weight_list(before reduction): [30196, ]

weight_list(after reduction): [30196, ]

No node is deleted.
Number of tests: 0
Time: 0 ms
***********************************************************************************************************************************************
weight_list(before reduction): [30196, ]

weight_list(after reduction): [30196, ]

No node is deleted.
Number of tests: 0
Time: 0 ms
***********************************************************************************************************************************************
weight_list(before reduction): [5, 5, 5, 4, 6, 5, 6, 5, 7, 10, 23, 19, 15, 21, 21, 19, 55, 55, 79, 72, 62, 54, 15, 21, 21, 19, 57, 57, 79, 72, 62, 54, 32, 84, 66, 143, 57, 57, 79, 72, 62, 54, 32, 84, 66, 143, 57, 57, 79, 72, 62, 54, 15, 19, 19, 31, 33, 33, 73, 66, 56, 46, 15, 19, 19, 31, 33, 33, 73, 66, 56, 46, 15, 19, 19, 31, 33, 33, 73, 66, 56, 46, 15, 19, 19, 33, 33, 33, 73, 66, 56, 46, 48, 48, 52, 73, 48, 48, 52, 73, 48, 7, 6, 88, 32, 97, 38, 63, 4, 29, 22, 6, 6, 20, 7, 6, 18, 14, 13, 8, 16, 20, 14, 9, 11, 6, 18, 9, 7, 6, 7, 21, 21, 22, 16, 17, 20, 20, 18, 17, 17, 13, 18, 6, 19, 7, 19, 9, 16, 10, 12, 20, 6, 6, 18, 12, 16, 6, 12, 6, 19, 17, 15, 20, 10, 17, 6, 17, 10, 11, 10, 7, 20, 10, 6, 21, 13, 18, 10, 12, 7, 16, 8, 22, 17, 8, 18, 13, 9, 16, 9, 20, 3592, 389, 218, 237, 1125, 203, 1053, 9551, 4705, 729, 2457, ]

weight_list(after reduction): [5, 5, 4, 6, 5, 6, 5, 7, 23, 19, 15, 21, 21, 19, 55, 79, 72, 62, 54, 21, 21, 19, 57, 79, 72, 62, 54, 32, 84, 66, 57, 84, 66, 57, 15, 19, 19, 31, 33, 73, 66, 56, 46, 19, 19, 31, 33, 73, 66, 56, 46, 15, 19, 19, 33, 19, 19, 33, 7, 6, 88, 32, 97, 38, 29, 22, 6, 6, 20, 7, 6, 18, 14, 13, 8, 16, 20, 14, 9, 11, 6, 18, 9, 7, 6, 7, 21, 21, 22, 16, 17, 20, 20, 18, 17, 17, 13, 18, 6, 19, 7, 19, 9, 16, 10, 12, 20, 6, 6, 18, 12, 16, 6, 12, 6, 19, 17, 15, 20, 10, 17, 6, 17, 10, 10, 7, 20, 10, 6, 21, 18, 10, 12, 7, 16, 22, 17, 8, 18, 13, 9, 16, 9, 20, 3592, 389, 218, 237, 1125, 203, 1053, 9551, 4705, 729, 2457, ]

[Length of the list before reduction: 203]
[Length of the list after reduction: 155]
Sum of weight before reduction: 30196
Sum of weight after reduction: 27791
Token reduced: 2405
Average weight before reduction: 148.7487684729064
Average weight after reduction: 179.29677419354837
Number of tests: 1668
Time: 1819056 ms
***********************************************************************************************************************************************
weight_list(before reduction): [4, 1, 4, 1, 3, 1, 5, 1, 4, 1, 5, 1, 4, 1, 6, 1, 1, 21, 1, 2, 8, 9, 2, 7, 6, 2, 10, 9, 2, 10, 9, 2, 10, 7, 2, 10, 43, 2, 10, 67, 2, 11, 59, 2, 10, 50, 2, 11, 41, 2, 10, 9, 2, 10, 9, 2, 10, 7, 2, 10, 45, 2, 10, 67, 2, 11, 59, 2, 10, 50, 2, 11, 41, 2, 7, 23, 2, 10, 72, 2, 10, 54, 2, 10, 45, 2, 10, 72, 2, 10, 54, 2, 10, 45, 2, 7, 6, 2, 10, 7, 2, 10, 7, 2, 10, 19, 2, 10, 21, 2, 10, 61, 2, 11, 53, 2, 10, 44, 2, 11, 33, 2, 10, 7, 2, 10, 7, 2, 10, 19, 2, 10, 21, 2, 10, 61, 2, 11, 53, 2, 10, 44, 2, 11, 33, 2, 7, 6, 2, 10, 7, 2, 10, 7, 2, 10, 21, 2, 10, 7, 2, 10, 7, 2, 10, 21, 2, 4, 1, 2, 3, 1, 2, 4, 82, 2, 5, 25, 2, 5, 90, 2, 12, 24, 28, 1, 21, 1, 2, 3, 1, 2, 3, 1, 3, 16, 1, 3, 3, 1, 2, 3, 1, 4, 13, 1, 3, 10, 1, 3, 9, 1, 2, 5, 1, 3, 12, 1, 4, 15, 1, 2, 11, 1, 2, 6, 1, 2, 8, 1, 2, 3, 1, 4, 13, 1, 2, 6, 1, 3, 3, 1, 2, 3, 1, 3, 3, 1, 4, 16, 1, 4, 16, 1, 4, 17, 1, 4, 11, 1, 4, 12, 1, 3, 16, 1, 3, 16, 1, 4, 13, 1, 4, 12, 1, 3, 13, 1, 4, 8, 1, 4, 13, 1, 2, 3, 1, 3, 15, 1, 3, 3, 1, 3, 15, 1, 3, 5, 1, 3, 12, 1, 4, 5, 1, 4, 7, 1, 4, 15, 1, 2, 3, 1, 2, 3, 1, 4, 13, 1, 4, 7, 1, 3, 12, 1, 2, 3, 1, 2, 9, 1, 2, 3, 1, 3, 15, 1, 4, 12, 1, 3, 11, 1, 4, 15, 1, 2, 7, 1, 4, 12, 1, 2, 3, 1, 4, 12, 1, 2, 7, 1, 2, 7, 1, 3, 3, 1, 4, 15, 1, 2, 7, 1, 2, 3, 1, 3, 17, 1, 5, 12, 1, 4, 5, 1, 4, 7, 1, 3, 3, 1, 3, 12, 1, 2, 19, 1, 2, 14, 1, 2, 5, 1, 2, 15, 1, 2, 10, 1, 2, 6, 1, 3, 12, 1, 2, 6, 1, 2, 17, 1, 3, 4, 3585, 2, 19, 368, 2, 14, 202, 2, 5, 230, 2, 15, 1108, 2, 10, 191, 2, 6, 1045, 3, 12, 9536, 2, 6, 4697, 2, 17, 710, 1, 4, 2452, ]

weight_list(after reduction): [4, 1, 4, 1, 3, 1, 5, 1, 4, 1, 5, 1, 4, 1, 6, 1, 1, 21, 1, 2, 8, 9, 2, 7, 6, 2, 10, 9, 2, 10, 9, 2, 10, 7, 2, 10, 43, 2, 10, 67, 2, 11, 59, 2, 10, 50, 2, 11, 41, 2, 10, 9, 2, 10, 9, 2, 10, 7, 2, 10, 45, 2, 10, 67, 2, 11, 59, 2, 10, 50, 2, 11, 41, 2, 7, 23, 2, 10, 72, 2, 10, 54, 2, 10, 45, 2, 10, 72, 2, 10, 54, 2, 10, 45, 2, 7, 6, 2, 10, 7, 2, 10, 7, 2, 10, 19, 2, 10, 21, 2, 10, 61, 2, 11, 53, 2, 10, 44, 2, 11, 33, 2, 10, 7, 2, 10, 7, 2, 10, 19, 2, 10, 21, 2, 10, 61, 2, 11, 53, 2, 10, 44, 2, 11, 33, 2, 7, 6, 2, 10, 7, 2, 10, 7, 2, 10, 21, 2, 10, 7, 2, 10, 7, 2, 10, 21, 2, 4, 1, 2, 3, 1, 2, 4, 82, 2, 5, 25, 2, 5, 90, 2, 12, 24, 28, 1, 21, 1, 2, 3, 1, 2, 3, 1, 3, 16, 1, 3, 3, 1, 2, 3, 1, 4, 13, 1, 3, 10, 1, 3, 9, 1, 2, 5, 1, 3, 12, 1, 4, 15, 1, 2, 11, 1, 2, 6, 1, 2, 8, 1, 2, 3, 1, 4, 13, 1, 2, 6, 1, 3, 3, 1, 2, 3, 1, 3, 3, 1, 4, 16, 1, 4, 16, 1, 4, 17, 1, 4, 11, 1, 4, 12, 1, 3, 16, 1, 3, 16, 1, 4, 13, 1, 4, 12, 1, 3, 13, 1, 4, 8, 1, 4, 13, 1, 2, 3, 1, 3, 15, 1, 3, 3, 1, 3, 15, 1, 3, 5, 1, 3, 12, 1, 4, 5, 1, 4, 7, 1, 4, 15, 1, 2, 3, 1, 2, 3, 1, 4, 13, 1, 4, 7, 1, 3, 12, 1, 2, 3, 1, 2, 9, 1, 2, 3, 1, 3, 15, 1, 4, 12, 1, 3, 11, 1, 4, 15, 1, 2, 7, 1, 4, 12, 1, 2, 3, 1, 4, 12, 1, 2, 7, 1, 2, 7, 1, 3, 3, 1, 4, 15, 1, 2, 7, 1, 2, 3, 1, 3, 17, 1, 5, 12, 1, 4, 5, 1, 4, 7, 1, 3, 3, 1, 3, 12, 1, 2, 19, 1, 2, 14, 1, 2, 5, 1, 2, 15, 1, 2, 10, 1, 2, 6, 1, 3, 12, 1, 2, 6, 1, 2, 17, 1, 3, 4, 3585, 2, 19, 368, 2, 14, 202, 2, 5, 230, 2, 15, 1108, 2, 10, 191, 2, 6, 1045, 3, 12, 9536, 2, 6, 4697, 2, 17, 710, 1, 4, 2452, ]

No node is deleted.
Number of tests: 1814
Time: 1388113 ms
***********************************************************************************************************************************************
weight_list(before reduction): [1, 1, 1, 1, 1, 1, 1, 1, 1, 1, 1, 1, 1, 1, 1, 1, 1, 1, 1, 1, 1, 1, 1, 1, 1, 1, 1, 1, 1, 1, 1, 1, 1, 1, 1, 1, 20, 1, 1, 1, 7, 1, 7, 1, 1, 1, 3, 4, 1, 4, 1, 1, 1, 3, 7, 1, 7, 1, 1, 1, 3, 7, 1, 7, 1, 1, 1, 3, 7, 1, 5, 1, 1, 1, 3, 7, 1, 41, 1, 1, 1, 3, 7, 1, 65, 1, 1, 1, 3, 8, 1, 57, 1, 1, 1, 3, 7, 1, 48, 1, 1, 1, 3, 8, 1, 39, 1, 1, 1, 3, 7, 1, 7, 1, 1, 1, 3, 7, 1, 7, 1, 1, 1, 3, 7, 1, 5, 1, 1, 1, 3, 7, 1, 43, 1, 1, 1, 3, 7, 1, 65, 1, 1, 1, 3, 8, 1, 57, 1, 1, 1, 3, 7, 1, 48, 1, 1, 1, 3, 8, 1, 39, 1, 1, 1, 3, 4, 1, 21, 1, 1, 1, 3, 7, 1, 70, 1, 1, 1, 3, 7, 1, 52, 1, 1, 1, 3, 7, 1, 43, 1, 1, 1, 3, 7, 1, 70, 1, 1, 1, 3, 7, 1, 52, 1, 1, 1, 3, 7, 1, 43, 1, 1, 1, 3, 4, 1, 4, 1, 1, 1, 3, 7, 1, 5, 1, 1, 1, 3, 7, 1, 5, 1, 1, 1, 3, 7, 1, 17, 1, 1, 1, 3, 7, 1, 19, 1, 1, 1, 3, 7, 1, 59, 1, 1, 1, 3, 8, 1, 51, 1, 1, 1, 3, 7, 1, 42, 1, 1, 1, 3, 8, 1, 31, 1, 1, 1, 3, 7, 1, 5, 1, 1, 1, 3, 7, 1, 5, 1, 1, 1, 3, 7, 1, 17, 1, 1, 1, 3, 7, 1, 19, 1, 1, 1, 3, 7, 1, 59, 1, 1, 1, 3, 8, 1, 51, 1, 1, 1, 3, 7, 1, 42, 1, 1, 1, 3, 8, 1, 31, 1, 1, 1, 3, 4, 1, 4, 1, 1, 1, 3, 7, 1, 5, 1, 1, 1, 3, 7, 1, 5, 1, 1, 1, 3, 7, 1, 19, 1, 1, 1, 3, 7, 1, 5, 1, 1, 1, 3, 7, 1, 5, 1, 1, 1, 3, 7, 1, 19, 1, 1, 1, 1, 3, 1, 1, 1, 2, 1, 1, 1, 3, 1, 80, 1, 1, 1, 1, 4, 1, 23, 1, 1, 1, 1, 4, 1, 88, 1, 1, 1, 1, 11, 1, 22, 1, 1, 27, 1, 20, 1, 1, 1, 2, 1, 1, 1, 2, 1, 2, 1, 15, 1, 1, 1, 1, 2, 1, 1, 1, 2, 1, 1, 2, 1, 12, 1, 1, 1, 4, 6, 1, 1, 1, 6, 3, 1, 1, 2, 3, 1, 2, 1, 11, 1, 1, 2, 1, 14, 1, 1, 5, 6, 1, 1, 3, 3, 1, 1, 5, 3, 1, 1, 1, 2, 1, 1, 2, 1, 12, 1, 1, 1, 5, 1, 1, 1, 1, 2, 1, 1, 1, 2, 1, 1, 1, 1, 2, 1, 1, 2, 1, 15, 1, 1, 2, 1, 15, 1, 1, 2, 1, 16, 1, 1, 2, 1, 10, 1, 1, 2, 1, 11, 1, 2, 1, 15, 1, 2, 1, 15, 1, 1, 2, 1, 12, 1, 1, 2, 1, 11, 1, 2, 1, 12, 1, 1, 2, 2, 6, 1, 1, 2, 1, 12, 1, 1, 1, 2, 1, 2, 1, 14, 1, 1, 1, 1, 2, 1, 2, 1, 14, 1, 2, 2, 3, 1, 2, 1, 11, 1, 1, 2, 2, 3, 1, 1, 2, 4, 3, 1, 1, 2, 1, 14, 1, 1, 1, 2, 1, 1, 1, 2, 1, 1, 2, 1, 12, 1, 1, 2, 4, 3, 1, 2, 1, 11, 1, 1, 1, 2, 1, 1, 3, 6, 1, 1, 1, 2, 1, 2, 1, 14, 1, 1, 2, 1, 11, 1, 2, 1, 10, 1, 1, 2, 1, 14, 1, 1, 4, 3, 1, 1, 2, 1, 11, 1, 1, 1, 2, 1, 1, 2, 1, 11, 1, 1, 4, 3, 1, 1, 4, 3, 1, 1, 1, 1, 2, 1, 1, 2, 1, 14, 1, 1, 4, 3, 1, 1, 1, 2, 1, 2, 1, 16, 1, 1, 1, 2, 1, 11, 1, 1, 2, 2, 3, 1, 1, 2, 4, 3, 1, 1, 1, 1, 2, 1, 2, 1, 11, 1, 1, 1, 18, 1, 1, 1, 13, 1, 1, 1, 4, 1, 1, 1, 14, 1, 1, 1, 9, 1, 1, 1, 5, 1, 1, 1, 1, 11, 1, 1, 1, 5, 1, 1, 1, 16, 1, 2, 1, 3, 1, 3583, 1, 1, 1, 1, 18, 1, 366, 1, 1, 1, 1, 13, 1, 200, 1, 1, 1, 1, 4, 1, 228, 1, 1, 1, 1, 14, 1, 1106, 1, 1, 1, 1, 9, 1, 189, 1, 1, 1, 1, 5, 1, 1043, 1, 1, 1, 1, 1, 11, 1, 9534, 1, 1, 1, 1, 5, 1, 4695, 1, 1, 1, 1, 16, 1, 708, 1, 1, 3, 1, 2450, 1, ]

weight_list(after reduction): [1, 1, 1, 1, 1, 1, 1, 1, 1, 1, 1, 1, 1, 1, 1, 1, 1, 1, 1, 1, 1, 1, 1, 1, 1, 20, 1, 1, 7, 1, 1, 1, 3, 4, 1, 4, 1, 1, 3, 7, 1, 7, 1, 1, 3, 7, 1, 7, 1, 1, 3, 7, 1, 5, 1, 1, 3, 7, 1, 41, 1, 1, 3, 7, 1, 65, 1, 1, 3, 8, 1, 57, 1, 1, 3, 7, 1, 48, 1, 1, 3, 8, 1, 39, 1, 1, 3, 7, 1, 7, 1, 1, 3, 7, 1, 7, 1, 1, 3, 7, 1, 5, 1, 1, 3, 7, 1, 43, 1, 1, 3, 7, 1, 65, 1, 1, 3, 8, 1, 57, 1, 1, 3, 7, 1, 48, 1, 1, 3, 8, 1, 39, 1, 1, 3, 4, 1, 21, 1, 1, 3, 7, 1, 70, 1, 1, 3, 7, 1, 52, 1, 1, 3, 7, 1, 43, 1, 1, 3, 7, 1, 70, 1, 1, 3, 7, 1, 52, 1, 1, 3, 7, 1, 43, 1, 1, 3, 4, 1, 4, 1, 1, 3, 7, 1, 5, 1, 1, 3, 7, 1, 5, 1, 1, 3, 7, 1, 17, 1, 1, 3, 7, 1, 19, 1, 1, 3, 7, 1, 59, 1, 1, 3, 8, 1, 51, 1, 1, 3, 7, 1, 42, 1, 1, 3, 8, 1, 31, 1, 1, 3, 7, 1, 5, 1, 1, 3, 7, 1, 5, 1, 1, 3, 7, 1, 17, 1, 1, 3, 7, 1, 19, 1, 1, 3, 7, 1, 59, 1, 1, 3, 8, 1, 51, 1, 1, 3, 7, 1, 42, 1, 1, 3, 8, 1, 31, 1, 1, 3, 4, 1, 4, 1, 1, 3, 7, 1, 5, 1, 1, 3, 7, 1, 5, 1, 1, 3, 7, 1, 19, 1, 1, 3, 7, 1, 5, 1, 1, 3, 7, 1, 5, 1, 1, 3, 7, 1, 19, 1, 1, 1, 1, 1, 1, 1, 3, 1, 1, 1, 1, 4, 1, 1, 1, 1, 4, 1, 1, 1, 1, 11, 1, 1, 1, 27, 1, 20, 1, 1, 1, 1, 2, 1, 1, 1, 1, 1, 2, 1, 1, 4, 1, 6, 1, 2, 2, 1, 2, 1, 1, 5, 1, 3, 1, 5, 3, 1, 1, 2, 1, 1, 1, 1, 1, 1, 1, 1, 1, 2, 1, 2, 1, 2, 1, 2, 1, 2, 1, 2, 1, 2, 1, 2, 1, 2, 1, 2, 1, 1, 2, 2, 2, 1, 1, 1, 2, 1, 1, 1, 2, 2, 1, 2, 2, 2, 1, 1, 2, 2, 3, 1, 2, 4, 3, 2, 1, 1, 1, 1, 1, 2, 1, 2, 4, 2, 1, 1, 1, 1, 3, 1, 1, 2, 1, 2, 1, 2, 1, 2, 1, 1, 4, 3, 2, 1, 1, 1, 2, 1, 1, 4, 3, 1, 4, 1, 1, 2, 1, 1, 4, 1, 1, 2, 1, 2, 1, 1, 2, 2, 1, 2, 4, 3, 1, 1, 2, 1, 1, 1, 18, 1, 1, 13, 1, 1, 4, 1, 1, 14, 1, 1, 9, 1, 1, 5, 1, 1, 1, 11, 1, 1, 5, 1, 1, 16, 2, 1, 3, 1, 3583, 1, 1, 1, 18, 1, 366, 1, 1, 1, 13, 1, 200, 1, 1, 1, 4, 1, 228, 1, 1, 1, 14, 1, 1106, 1, 1, 1, 9, 1, 189, 1, 1, 1, 5, 1, 1043, 1, 1, 1, 1, 11, 1, 9534, 1, 1, 1, 5, 1, 4695, 1, 1, 1, 16, 1, 708, 1, 1, 3, 1, 2450, 1, ]

[Length of the list before reduction: 843]
[Length of the list after reduction: 591]
Sum of weight before reduction: 27698
Sum of weight after reduction: 26796
Token reduced: 902
Average weight before reduction: 32.8564650059312
Average weight after reduction: 45.34010152284264
Number of tests: 57503
Time: 40317748 ms
***********************************************************************************************************************************************
weight_list(before reduction): [1, 18, 1, 1, 5, 1, 1, 1, 1, 1, 2, 1, 3, 1, 1, 1, 1, 1, 5, 1, 6, 1, 1, 1, 1, 1, 5, 1, 6, 1, 1, 1, 1, 1, 5, 1, 4, 1, 1, 1, 1, 1, 5, 1, 40, 1, 1, 1, 1, 1, 5, 1, 64, 1, 1, 1, 1, 1, 6, 1, 56, 1, 1, 1, 1, 1, 5, 1, 47, 1, 1, 1, 1, 1, 6, 1, 38, 1, 1, 1, 1, 1, 5, 1, 6, 1, 1, 1, 1, 1, 5, 1, 6, 1, 1, 1, 1, 1, 5, 1, 4, 1, 1, 1, 1, 1, 5, 1, 42, 1, 1, 1, 1, 1, 5, 1, 64, 1, 1, 1, 1, 1, 6, 1, 56, 1, 1, 1, 1, 1, 5, 1, 47, 1, 1, 1, 1, 1, 6, 1, 38, 1, 1, 1, 1, 1, 2, 1, 20, 1, 1, 1, 1, 1, 5, 1, 69, 1, 1, 1, 1, 1, 5, 1, 51, 1, 1, 1, 1, 1, 5, 1, 42, 1, 1, 1, 1, 1, 5, 1, 69, 1, 1, 1, 1, 1, 5, 1, 51, 1, 1, 1, 1, 1, 5, 1, 42, 1, 1, 1, 1, 1, 2, 1, 3, 1, 1, 1, 1, 1, 5, 1, 4, 1, 1, 1, 1, 1, 5, 1, 4, 1, 1, 1, 1, 1, 5, 1, 16, 1, 1, 1, 1, 1, 5, 1, 18, 1, 1, 1, 1, 1, 5, 1, 58, 1, 1, 1, 1, 1, 6, 1, 50, 1, 1, 1, 1, 1, 5, 1, 41, 1, 1, 1, 1, 1, 6, 1, 30, 1, 1, 1, 1, 1, 5, 1, 4, 1, 1, 1, 1, 1, 5, 1, 4, 1, 1, 1, 1, 1, 5, 1, 16, 1, 1, 1, 1, 1, 5, 1, 18, 1, 1, 1, 1, 1, 5, 1, 58, 1, 1, 1, 1, 1, 6, 1, 50, 1, 1, 1, 1, 1, 5, 1, 41, 1, 1, 1, 1, 1, 6, 1, 30, 1, 1, 1, 1, 1, 2, 1, 3, 1, 1, 1, 1, 1, 5, 1, 4, 1, 1, 1, 1, 1, 5, 1, 4, 1, 1, 1, 1, 1, 5, 1, 18, 1, 1, 1, 1, 1, 5, 1, 4, 1, 1, 1, 1, 1, 5, 1, 4, 1, 1, 1, 1, 1, 5, 1, 18, 1, 1, 1, 1, 1, 2, 1, 1, 2, 1, 1, 9, 1, 1, 1, 24, 1, 1, 1, 17, 1, 1, 1, 1, 1, 3, 1, 5, 1, 1, 1, 1, 1, 1, 1, 4, 1, 2, 1, 4, 1, 1, 2, 1, 1, 1, 1, 1, 1, 1, 1, 1, 1, 1, 1, 1, 1, 1, 1, 1, 1, 1, 1, 1, 1, 1, 1, 1, 1, 1, 1, 1, 1, 1, 1, 1, 1, 1, 1, 1, 1, 1, 1, 1, 1, 1, 1, 1, 2, 1, 1, 3, 1, 1, 2, 1, 1, 1, 1, 1, 1, 3, 1, 1, 1, 2, 1, 1, 1, 1, 1, 1, 1, 1, 1, 3, 1, 1, 2, 1, 1, 1, 1, 3, 1, 1, 2, 3, 1, 1, 1, 3, 1, 1, 1, 1, 1, 1, 1, 1, 1, 1, 1, 3, 1, 1, 2, 1, 1, 1, 16, 1, 1, 11, 1, 1, 2, 1, 1, 12, 1, 1, 8, 1, 3, 1, 1, 9, 1, 1, 3, 1, 1, 15, 1, 1, 1, 1, 1, 5, 5, 7, 10, 7, 7, 7, 7, 10, 10, 10, 7, 7, 7, 7, 7, 7, 7, 10, 10, 7, 7, 10, 7, 7, 7, 7, 7, 7, 7, 7, 7, 7, 7, 5, 10, 7, 5, 7, 7, 7, 7, 10, 10, 7, 7, 10, 7, 10, 5, 10, 7, 7, 7, 7, 7, 7, 7, 10, 7, 7, 8, 7, 7, 10, 7, 7, 7, 7, 7, 10, 7, 7, 10, 7, 7, 10, 7, 7, 7, 7, 7, 7, 7, 5, 7, 10, 10, 7, 7, 7, 10, 10, 7, 10, 7, 7, 7, 7, 7, 7, 5, 7, 7, 7, 7, 7, 7, 7, 7, 5, 7, 7, 7, 10, 7, 7, 7, 10, 7, 10, 10, 7, 7, 5, 7, 10, 5, 7, 7, 7, 7, 7, 7, 7, 7, 5, 7, 8, 10, 8, 7, 10, 7, 10, 7, 7, 7, 10, 10, 10, 10, 7, 10, 7, 7, 7, 7, 7, 7, 7, 7, 7, 10, 8, 10, 7, 7, 5, 10, 7, 10, 7, 7, 7, 7, 7, 7, 7, 7, 10, 7, 7, 10, 7, 7, 7, 7, 7, 7, 7, 7, 7, 7, 10, 10, 7, 7, 7, 7, 7, 7, 7, 7, 7, 7, 7, 10, 10, 10, 10, 7, 7, 5, 7, 10, 7, 10, 10, 7, 7, 7, 5, 5, 10, 7, 7, 7, 10, 7, 5, 10, 7, 7, 7, 5, 7, 10, 7, 10, 7, 10, 10, 7, 7, 7, 5, 7, 5, 10, 7, 7, 10, 10, 7, 10, 7, 7, 7, 5, 10, 7, 7, 7, 10, 10, 7, 10, 7, 5, 7, 5, 7, 7, 10, 10, 7, 7, 7, 7, 7, 7, 5, 7, 7, 7, 5, 10, 7, 7, 7, 7, 10, 10, 10, 5, 7, 7, 7, 7, 10, 5, 7, 7, 7, 10, 7, 5, 7, 10, 7, 7, 7, 7, 7, 7, 7, 7, 7, 7, 7, 7, 7, 7, 5, 7, 7, 7, 7, 10, 5, 7, 7, 5, 10, 7, 10, 7, 5, 7, 7, 7, 7, 5, 10, 7, 7, 7, 7, 7, 10, 7, 10, 7, 5, 7, 7, 7, 7, 7, 7, 10, 7, 7, 7, 7, 722, 42, 32, 8, 27, 3, 3, 1, 16, 1, 7, 7, 7, 7, 5, 7, 7, 7, 7, 7, 10, 10, 7, 7, 7, 7, 7, 7, 7, 7, 5, 9, 5, 5, 8, 5, 8, 5, 5, 8, 5, 5, 5, 8, 5, 3, 122, 6, 1, 11, 1, 5, 5, 7, 143, 37, 3, 1, 2, 1, 5, 10, 7, 7, 9, 10, 7, 10, 69, 32, 56, 6, 1, 12, 1, 6, 7, 7, 5, 10, 7, 7, 7, 7, 8, 7, 5, 7, 7, 7, 7, 10, 7, 7, 7, 7, 10, 7, 7, 7, 7, 7, 10, 5, 7, 10, 10, 10, 8, 7, 5, 7, 7, 5, 10, 7, 10, 7, 10, 10, 7, 7, 10, 7, 7, 8, 7, 7, 10, 7, 7, 7, 7, 7, 10, 7, 10, 7, 7, 10, 7, 7, 8, 10, 7, 7, 7, 7, 7, 7, 7, 7, 7, 7, 7, 10, 7, 7, 7, 7, 7, 7, 7, 10, 7, 7, 7, 10, 7, 7, 7, 10, 5, 7, 7, 7, 7, 5, 7, 7, 7, 7, 7, 10, 7, 7, 7, 10, 7, 10, 7, 10, 7, 7, 7, 7, 10, 5, 174, 3, 3, 1, 8, 8, 8, 7, 134, 26, 6, 1, 3, 1, 5, 7, 5, 12, 5, 9, 5, 8, 5, 8, 5, 5, 5, 5, 8, 911, 32, 3, 1, 9, 1, 10, 8, 6, 5, 5, 5, 5, 5, 8, 5, 5, 5, 5, 5, 5, 8, 5, 5, 5, 5, 11, 8, 6, 5, 5, 5, 5, 8, 5, 5, 5, 7, 7, 7, 7, 7, 7, 7, 7, 10, 10, 7, 7, 7, 7, 7, 7, 7, 7, 7, 10, 7, 10, 7, 7, 10, 7, 10, 7, 7, 7, 7, 7, 7, 7, 7, 7, 7, 7, 7, 7, 7, 7, 7, 7, 7, 7, 7, 7, 10, 7, 7, 7, 10, 7, 10, 7, 7, 7, 7, 7, 7, 7, 10, 10, 7, 7, 7, 7, 7, 7, 7, 10, 7, 7, 7, 7, 10, 10, 7, 7, 7, 7, 7, 7, 7, 10, 10, 7, 7, 7, 7, 10, 7, 7, 7, 7, 7, 7, 7, 7, 7, 10, 10, 7, 7, 7, 7, 5, 5, 7, 8, 7, 7, 7, 8, 10, 10, 7, 7, 5, 10, 5, 7, 7, 7, 7, 5, 5, 7, 10, 7, 10, 7, 10, 7, 7, 7, 7, 10, 7, 7, 5, 7, 7, 7, 7, 10, 7, 7, 10, 10, 8, 7, 7, 7, 10, 7, 7, 5, 7, 10, 7, 8, 7, 7, 10, 7, 5, 7, 5, 7925, 32, 32, 86, 3, 3, 1, 3, 1, 6, 5, 5, 5, 5, 5, 5, 5, 5, 5, 5, 5, 5, 8, 77, 4507, 32, 5, 1, 15, 7, 7, 7, 5, 7, 5, 11, 10, 3, 612, 4, 27, 3, 1, 1, 1, 5, 4, 4, 9, 9, 11, 11, 11, 11, 11, 11, 9, 9, 11, 11, 11, 11, 11, 11, 11, 11, 11, 11, 11, 11, 11, 11, 9, 11, 11, 11, 11, 9, 9, 9, 9, 11, 11, 11, 11, 11, 11, 11, 11, 11, 11, 11, 11, 11, 11, 11, 11, 11, 11, 11, 11, 11, 11, 11, 11, 11, 11, 11, 11, 11, 11, 11, 29, 11, 11, 11, 11, 11, 11, 11, 11, 11, 11, 11, 11, 11, 11, 11, 11, 11, 11, 49, 11, 11, 11, 11, 11, 9, 11, 11, 11, 11, 11, 11, 49, 9, 11, 11, 11, 11, 11, 100, 11, 11, 11, 11, 11, 11, 11, 11, 11, 11, 11, 9, 9, 11, 11, 11, 11, 11, 11, 11, 11, 9, 49, 9, 11, 11, 11, 67, 11, 11, 11, 11, 11, 11, 11, 11, 11, 11, 11, 11, 11, 11, 11, 11, 11, 11, 11, 11, 11, 9, 78, 11, 11, 11, 11, 9, 11, 11, 11, 11, 11, 11, 9, 11, 11, 11, 11, 117, 11, 11, 11, 11, 11, 11, 9, 11, 11, 11, 11, 9, 3, ]

weight_list(after reduction): [1, 1, 1, 1, 1, 1, 1, 1, 2, 1, 3, 1, 1, 1, 1, 1, 5, 1, 6, 1, 1, 1, 1, 1, 5, 1, 6, 1, 1, 1, 1, 1, 5, 1, 4, 1, 1, 1, 1, 1, 5, 1, 40, 1, 1, 1, 1, 1, 5, 1, 64, 1, 1, 1, 1, 1, 6, 1, 56, 1, 1, 1, 1, 1, 5, 1, 47, 1, 1, 1, 1, 1, 6, 1, 38, 1, 1, 1, 1, 1, 5, 1, 6, 1, 1, 1, 1, 1, 5, 1, 6, 1, 1, 1, 1, 1, 5, 1, 4, 1, 1, 1, 1, 1, 5, 1, 42, 1, 1, 1, 1, 1, 5, 1, 64, 1, 1, 1, 1, 1, 6, 1, 56, 1, 1, 1, 1, 1, 5, 1, 47, 1, 1, 1, 1, 1, 6, 1, 38, 1, 1, 1, 1, 1, 2, 1, 20, 1, 1, 1, 1, 1, 5, 1, 69, 1, 1, 1, 1, 1, 5, 1, 51, 1, 1, 1, 1, 1, 5, 1, 42, 1, 1, 1, 1, 1, 5, 1, 69, 1, 1, 1, 1, 1, 5, 1, 51, 1, 1, 1, 1, 1, 5, 1, 42, 1, 1, 1, 1, 1, 2, 1, 3, 1, 1, 1, 1, 1, 5, 1, 4, 1, 1, 1, 1, 1, 5, 1, 4, 1, 1, 1, 1, 1, 5, 1, 16, 1, 1, 1, 1, 1, 5, 1, 18, 1, 1, 1, 1, 1, 5, 1, 58, 1, 1, 1, 1, 1, 6, 1, 50, 1, 1, 1, 1, 1, 5, 1, 41, 1, 1, 1, 1, 1, 6, 1, 30, 1, 1, 1, 1, 1, 5, 1, 4, 1, 1, 1, 1, 1, 5, 1, 4, 1, 1, 1, 1, 1, 5, 1, 16, 1, 1, 1, 1, 1, 5, 1, 18, 1, 1, 1, 1, 1, 5, 1, 58, 1, 1, 1, 1, 1, 6, 1, 50, 1, 1, 1, 1, 1, 5, 1, 41, 1, 1, 1, 1, 1, 6, 1, 30, 1, 1, 1, 1, 1, 2, 1, 3, 1, 1, 1, 1, 1, 5, 1, 4, 1, 1, 1, 1, 1, 5, 1, 4, 1, 1, 1, 1, 1, 5, 1, 18, 1, 1, 1, 1, 1, 5, 1, 4, 1, 1, 1, 1, 1, 5, 1, 4, 1, 1, 1, 1, 1, 5, 1, 18, 1, 1, 1, 1, 1, 1, 1, 1, 1, 1, 1, 24, 1, 1, 1, 17, 1, 1, 1, 1, 1, 1, 5, 1, 1, 1, 1, 1, 1, 1, 1, 1, 1, 1, 1, 1, 1, 1, 1, 1, 1, 1, 1, 1, 1, 1, 1, 1, 1, 1, 1, 1, 1, 1, 1, 1, 3, 1, 1, 1, 1, 1, 1, 1, 1, 1, 1, 1, 1, 1, 1, 1, 3, 1, 1, 2, 1, 1, 1, 16, 1, 1, 1, 1, 1, 1, 1, 1, 8, 1, 1, 1, 1, 1, 1, 1, 15, 1, 1, 1, 1, 3, 1, 16, 1, 7, 6, 1, 11, 1, 3, 1, 1, 7, 6, 1, 1, 3, 1, 8, 6, 1, 1, 3, 1, 9, 1, 3, 1, 1, 5, 1, 15, 7, 7, 7, 5, 11, 10, 612, 3, 1, 1, 5, 9, ]

[Length of the list before reduction: 1601]
[Length of the list after reduction: 532]
Sum of weight before reduction: 26453
Sum of weight after reduction: 2888
Token reduced: 23565
Average weight before reduction: 16.522798251093068
Average weight after reduction: 5.428571428571429
Number of tests: 63311
Time: 5001466 ms
***********************************************************************************************************************************************
weight_list(before reduction): [1, 1, 1, 2, 2, 3, 1, 5, 2, 3, 1, 5, 2, 3, 1, 3, 2, 3, 1, 39, 2, 3, 1, 63, 2, 4, 1, 55, 2, 3, 1, 46, 2, 4, 1, 37, 2, 3, 1, 5, 2, 3, 1, 5, 2, 3, 1, 3, 2, 3, 1, 41, 2, 3, 1, 63, 2, 4, 1, 55, 2, 3, 1, 46, 2, 4, 1, 37, 1, 1, 1, 19, 2, 3, 1, 68, 2, 3, 1, 50, 2, 3, 1, 41, 2, 3, 1, 68, 2, 3, 1, 50, 2, 3, 1, 41, 1, 1, 1, 2, 2, 3, 1, 3, 2, 3, 1, 3, 2, 3, 1, 15, 2, 3, 1, 17, 2, 3, 1, 57, 2, 4, 1, 49, 2, 3, 1, 40, 2, 4, 1, 29, 2, 3, 1, 3, 2, 3, 1, 3, 2, 3, 1, 15, 2, 3, 1, 17, 2, 3, 1, 57, 2, 4, 1, 49, 2, 3, 1, 40, 2, 4, 1, 29, 1, 1, 1, 2, 2, 3, 1, 3, 2, 3, 1, 3, 2, 3, 1, 17, 2, 3, 1, 3, 2, 3, 1, 3, 2, 3, 1, 17, 4, 4, 5, 4, 3, 4, 5, 5, 3, 4, 1, 4, 1, 2, 1, 2, 1, 1, 3, 13, 1, 6, 1, 1, 13, 1, 2, 1, 3, 13, 1, 5, 1, 5, 1, 2, 9, 2, 1, 1, 5, 1, 5, 1, 2, 1, 1, 6, 1, 5, 1, 2, 1, 2, 7, 2, 1, 4, 1, 1, 13, 1, 1, 5, 1, 1, 5, 1, 1, 5, 1, 1, 3, 1, 1, 9, 1, 1, 8, 1, 1, 1, 237, 1, 74, 298, 2, 1, 1, 3, 1, 8, 1, ]

weight_list(after reduction): [1, 1, 2, 2, 3, 1, 5, 2, 3, 1, 5, 2, 3, 1, 3, 2, 3, 1, 39, 2, 3, 1, 63, 2, 4, 1, 55, 2, 3, 1, 46, 2, 4, 1, 37, 2, 3, 1, 5, 2, 3, 1, 5, 2, 3, 1, 3, 2, 3, 1, 41, 2, 3, 1, 63, 2, 4, 1, 55, 2, 3, 1, 46, 2, 4, 1, 37, 1, 1, 19, 2, 3, 1, 68, 2, 3, 1, 50, 2, 3, 1, 41, 2, 3, 1, 68, 2, 3, 1, 50, 2, 3, 1, 41, 1, 1, 2, 2, 3, 1, 3, 2, 3, 1, 3, 2, 3, 1, 15, 2, 3, 1, 17, 2, 3, 1, 57, 2, 4, 1, 49, 2, 3, 1, 40, 2, 4, 1, 29, 2, 3, 1, 3, 2, 3, 1, 3, 2, 3, 1, 15, 2, 3, 1, 17, 2, 3, 1, 57, 2, 4, 1, 49, 2, 3, 1, 40, 2, 4, 1, 29, 1, 1, 2, 2, 3, 1, 3, 2, 3, 1, 3, 2, 3, 1, 17, 2, 3, 1, 3, 2, 3, 1, 3, 2, 3, 1, 17, 3, 4, 5, 5, 4, 4, 1, 2, 1, 2, 1, 1, 3, 13, 1, 1, 1, 13, 1, 2, 1, 3, 13, 1, 5, 1, 5, 1, 2, 9, 2, 1, 1, 5, 1, 5, 1, 2, 1, 1, 1, 5, 1, 2, 1, 2, 7, 2, 1, 4, 1, 1, 13, 1, 1, 5, 1, 1, 5, 1, 1, 5, 1, 1, 3, 1, 1, 9, 1, 1, 8, 1, 1, 1, 237, 1, 74, 298, 2, 1, 1, 3, 1, 8, 1, ]

[Length of the list before reduction: 285]
[Length of the list after reduction: 273]
Sum of weight before reduction: 2487
Sum of weight after reduction: 2450
Token reduced: 37
Average weight before reduction: 8.726315789473684
Average weight after reduction: 8.974358974358974
Number of tests: 2688
Time: 85687 ms
***********************************************************************************************************************************************
weight_list(before reduction): [1, 1, 1, 1, 1, 2, 4, 1, 1, 1, 1, 2, 4, 1, 1, 1, 1, 2, 1, 2, 1, 1, 1, 2, 27, 12, 1, 1, 1, 2, 46, 17, 1, 1, 1, 3, 37, 18, 1, 1, 1, 2, 29, 17, 1, 1, 1, 3, 19, 18, 1, 1, 1, 2, 4, 1, 1, 1, 1, 2, 4, 1, 1, 1, 1, 2, 1, 2, 1, 1, 1, 2, 29, 12, 1, 1, 1, 2, 46, 17, 1, 1, 1, 3, 37, 18, 1, 1, 1, 2, 29, 17, 1, 1, 1, 3, 19, 18, 10, 9, 1, 1, 1, 2, 56, 12, 1, 1, 1, 2, 38, 12, 1, 1, 1, 2, 29, 12, 1, 1, 1, 2, 56, 12, 1, 1, 1, 2, 38, 12, 1, 1, 1, 2, 29, 12, 1, 1, 1, 1, 1, 2, 1, 2, 1, 1, 1, 2, 1, 2, 1, 1, 1, 2, 7, 8, 1, 1, 1, 2, 5, 12, 1, 1, 1, 2, 40, 17, 1, 1, 1, 3, 31, 18, 1, 1, 1, 2, 23, 17, 1, 1, 1, 3, 11, 18, 1, 1, 1, 2, 1, 2, 1, 1, 1, 2, 1, 2, 1, 1, 1, 2, 7, 8, 1, 1, 1, 2, 5, 12, 1, 1, 1, 2, 40, 17, 1, 1, 1, 3, 31, 18, 1, 1, 1, 2, 23, 17, 1, 1, 1, 3, 11, 18, 1, 1, 1, 1, 1, 2, 1, 2, 1, 1, 1, 2, 1, 2, 1, 1, 1, 2, 5, 12, 1, 1, 1, 2, 1, 2, 1, 1, 1, 2, 1, 2, 1, 1, 1, 2, 5, 12, 2, 1, 3, 1, 2, 2, 1, 2, 2, 1, 3, 1, 1, 3, 1, 1, 1, 1, 1, 1, 1, 3, 4, 3, 3, 2, 11, 1, 1, 1, 1, 1, 3, 4, 3, 3, 2, 3, 1, 4, 1, 1, 3, 3, 3, 1, 1, 2, 3, 1, 4, 1, 1, 1, 4, 1, 1, 1, 1, 3, 4, 1, 1, 1, 3, 2, 11, 2, 3, 2, 3, 2, 3, 1, 2, 3, 6, 5, 3, 236, 1, 1, 72, 1, 1, 297, 1, 1, 1, 2, 1, 7, ]

weight_list(after reduction): [1, 1, 1, 1, 2, 4, 1, 1, 1, 1, 2, 4, 1, 1, 1, 1, 2, 1, 2, 1, 1, 1, 2, 27, 1, 1, 1, 2, 46, 1, 1, 1, 3, 37, 1, 1, 1, 2, 29, 1, 1, 1, 3, 19, 1, 1, 1, 2, 4, 1, 1, 1, 1, 2, 4, 1, 1, 1, 1, 2, 1, 1, 1, 1, 2, 29, 1, 1, 1, 2, 46, 1, 1, 1, 3, 37, 1, 1, 1, 2, 29, 1, 1, 1, 3, 19, 10, 1, 1, 1, 2, 56, 1, 1, 1, 2, 38, 1, 1, 1, 2, 29, 1, 1, 1, 2, 56, 1, 1, 1, 2, 38, 1, 1, 1, 2, 29, 1, 1, 1, 1, 2, 2, 1, 1, 1, 2, 2, 1, 1, 1, 2, 7, 1, 1, 1, 2, 5, 1, 1, 1, 2, 40, 1, 1, 1, 3, 31, 1, 1, 1, 2, 23, 1, 1, 1, 3, 11, 1, 1, 1, 2, 2, 1, 1, 1, 2, 2, 1, 1, 1, 2, 7, 1, 1, 1, 2, 5, 1, 1, 1, 2, 40, 1, 1, 1, 3, 31, 1, 1, 1, 2, 23, 1, 1, 1, 3, 11, 1, 1, 1, 1, 2, 2, 1, 1, 1, 2, 2, 1, 1, 1, 2, 5, 1, 1, 1, 2, 2, 1, 1, 1, 2, 2, 1, 1, 1, 2, 5, 2, 1, 3, 1, 2, 1, 2, 1, 3, 1, 3, 1, 1, 1, 3, 4, 3, 3, 2, 11, 1, 1, 1, 1, 3, 4, 3, 3, 2, 3, 1, 4, 1, 1, 3, 1, 1, 2, 3, 1, 4, 1, 1, 1, 4, 1, 1, 1, 1, 3, 1, 1, 1, 3, 2, 11, 2, 3, 2, 3, 2, 3, 1, 2, 3, 5, 3, 236, 1, 1, 1, 297, 1, 1, 1, 2, 1, 7, ]

[Length of the list before reduction: 364]
[Length of the list after reduction: 307]
Sum of weight before reduction: 2354
Sum of weight after reduction: 1793
Token reduced: 561
Average weight before reduction: 6.467032967032967
Average weight after reduction: 5.840390879478828
Number of tests: 8899
Time: 266579 ms
***********************************************************************************************************************************************
weight_list(before reduction): [1, 1, 1, 3, 1, 1, 1, 3, 1, 1, 1, 1, 1, 1, 26, 1, 1, 1, 45, 1, 1, 1, 1, 36, 1, 1, 1, 28, 1, 1, 1, 1, 18, 1, 1, 1, 1, 3, 1, 1, 1, 3, 1, 1, 1, 1, 28, 1, 1, 1, 45, 1, 1, 1, 1, 36, 1, 1, 1, 28, 1, 1, 1, 1, 18, 1, 9, 1, 1, 1, 55, 1, 1, 1, 37, 1, 1, 1, 28, 1, 1, 1, 55, 1, 1, 1, 37, 1, 1, 1, 28, 1, 1, 1, 1, 1, 1, 1, 1, 1, 1, 1, 6, 1, 1, 1, 4, 1, 1, 1, 39, 1, 1, 1, 1, 30, 1, 1, 1, 22, 1, 1, 1, 1, 10, 1, 1, 1, 1, 1, 1, 1, 1, 1, 1, 1, 6, 1, 1, 1, 4, 1, 1, 1, 39, 1, 1, 1, 1, 30, 1, 1, 1, 22, 1, 1, 1, 1, 10, 1, 1, 1, 1, 1, 1, 1, 1, 1, 1, 1, 4, 1, 1, 1, 1, 1, 1, 1, 1, 1, 1, 1, 4, 1, 1, 1, 1, 2, 1, 1, 1, 1, 1, 2, 1, 2, 1, 2, 1, 3, 1, 2, 1, 2, 1, 1, 4, 3, 4, 1, 2, 1, 3, 1, 2, 1, 2, 1, 1, 1, 2, 3, 1, 1, 2, 1, 1, 1, 2, 3, 1, 3, 1, 1, 2, 1, 2, 1, 1, 4, 3, 4, 1, 1, 1, 2, 1, 1, 1, 2, 1, 1, 1, 2, 1, 1, 2, 1, 4, 1, 1, 2, 1, 235, 1, 295, 1, 1, 1, 1, 5, 1, ]

weight_list(after reduction): [1, 1, 1, 3, 1, 1, 1, 3, 1, 1, 1, 1, 1, 1, 26, 1, 1, 1, 45, 1, 1, 1, 36, 1, 1, 1, 28, 1, 1, 1, 18, 1, 1, 1, 1, 3, 1, 1, 1, 3, 1, 1, 1, 1, 28, 1, 1, 1, 45, 1, 1, 1, 36, 1, 1, 1, 28, 1, 1, 1, 18, 1, 9, 1, 1, 1, 55, 1, 1, 1, 37, 1, 1, 1, 28, 1, 1, 1, 55, 1, 1, 1, 37, 1, 1, 1, 28, 1, 1, 1, 1, 1, 1, 1, 1, 1, 6, 1, 1, 1, 4, 1, 1, 1, 39, 1, 1, 1, 30, 1, 1, 1, 22, 1, 1, 1, 10, 1, 1, 1, 1, 1, 1, 1, 1, 1, 6, 1, 1, 1, 4, 1, 1, 1, 39, 1, 1, 1, 30, 1, 1, 1, 22, 1, 1, 1, 10, 1, 1, 1, 1, 1, 1, 1, 1, 1, 4, 1, 1, 1, 1, 1, 1, 1, 1, 1, 4, 1, 1, 1, 2, 1, 1, 1, 1, 2, 2, 1, 2, 1, 3, 1, 2, 1, 2, 1, 4, 3, 4, 1, 2, 1, 3, 1, 2, 1, 2, 1, 1, 1, 2, 3, 1, 1, 2, 1, 1, 1, 2, 3, 1, 3, 1, 1, 2, 1, 2, 1, 1, 4, 3, 4, 1, 1, 1, 2, 1, 1, 1, 2, 1, 1, 1, 2, 1, 1, 2, 1, 4, 1, 1, 2, 1, 235, 1, 295, 1, 1, 1, 1, 1, ]

[Length of the list before reduction: 272]
[Length of the list after reduction: 251]
Sum of weight before reduction: 1616
Sum of weight after reduction: 1591
Token reduced: 25
Average weight before reduction: 5.9411764705882355
Average weight after reduction: 6.338645418326693
Number of tests: 3700
Time: 129084 ms
***********************************************************************************************************************************************
weight_list(before reduction): [1, 2, 1, 2, 1, 25, 1, 44, 1, 35, 1, 27, 1, 17, 1, 2, 1, 2, 1, 27, 1, 44, 1, 35, 1, 27, 1, 17, 1, 8, 1, 54, 1, 36, 1, 27, 1, 54, 1, 36, 1, 27, 1, 5, 1, 3, 1, 38, 1, 29, 1, 21, 1, 9, 1, 5, 1, 3, 1, 38, 1, 29, 1, 21, 1, 9, 1, 3, 1, 3, 1, 1, 1, 1, 1, 1, 1, 1, 1, 1, 1, 1, 1, 1, 1, 1, 3, 1, 2, 1, 3, 1, 1, 1, 1, 1, 1, 1, 1, 1, 1, 1, 1, 2, 1, 1, 1, 1, 1, 2, 1, 2, 1, 1, 1, 1, 1, 3, 1, 2, 1, 3, 1, 1, 1, 1, 1, 1, 1, 1, 1, 3, 1, 1, 233, 2, 5, 5, 165, 120, ]

weight_list(after reduction): [2, 2, 1, 25, 1, 44, 1, 35, 1, 27, 1, 17, 2, 2, 1, 27, 1, 44, 1, 35, 1, 27, 1, 17, 1, 8, 1, 54, 1, 36, 1, 27, 1, 54, 1, 36, 1, 27, 1, 5, 1, 3, 1, 38, 1, 29, 1, 21, 1, 9, 1, 5, 1, 3, 1, 38, 1, 29, 1, 21, 1, 9, 1, 3, 1, 3, 1, 1, 1, 1, 1, 1, 1, 1, 1, 1, 3, 1, 2, 1, 3, 1, 1, 1, 1, 1, 1, 1, 1, 1, 1, 1, 2, 1, 1, 1, 1, 1, 2, 1, 2, 1, 1, 1, 1, 1, 3, 1, 2, 1, 3, 1, 1, 1, 1, 1, 1, 1, 1, 1, 3, 1, 1, 233, 5, 165, ]

[Length of the list before reduction: 140]
[Length of the list after reduction: 126]
Sum of weight before reduction: 1408
Sum of weight after reduction: 1270
Token reduced: 138
Average weight before reduction: 10.057142857142857
Average weight after reduction: 10.079365079365079
Number of tests: 1500
Time: 49989 ms
***********************************************************************************************************************************************
weight_list(before reduction): [1, 1, 1, 1, 5, 20, 5, 39, 5, 30, 5, 22, 5, 12, 1, 1, 1, 1, 5, 22, 5, 39, 5, 30, 5, 22, 5, 12, 1, 7, 25, 29, 34, 2, 5, 22, 25, 29, 34, 2, 5, 22, 1, 2, 1, 1, 1, 2, 10, 28, 11, 18, 10, 11, 7, 2, 1, 2, 1, 1, 1, 2, 10, 28, 11, 18, 10, 11, 7, 2, 1, 2, 1, 2, 1, 2, 1, 1, 1, 2, 1, 1, 1, 1, 1, 1, 1, 2, 1, 1, 1, 2, 1, 2, 232, 1, 1, 3, 1, 17, 1, 147, ]

weight_list(after reduction): [1, 1, 5, 5, 5, 5, 5, 1, 1, 5, 5, 5, 5, 5, 1, 25, 34, 5, 25, 34, 5, 1, 1, 10, 11, 10, 7, 1, 2, 1, 1, 1, 10, 11, 10, 7, 1, 1, 1, 2, 1, 1, 2, 1, 1, 1, 1, 1, 1, 1, 2, 1, 1, 1, 2, 1, 2, 232, 1, 1, 3, 1, 17, 1, 147, ]

[Length of the list before reduction: 102]
[Length of the list after reduction: 65]
Sum of weight before reduction: 1192
Sum of weight after reduction: 696
Token reduced: 496
Average weight before reduction: 11.686274509803921
Average weight after reduction: 10.707692307692307
Number of tests: 1061
Time: 39143 ms
***********************************************************************************************************************************************
weight_list(before reduction): [4, 1, 4, 1, 4, 1, 4, 1, 4, 1, 4, 1, 4, 1, 4, 1, 4, 1, 4, 1, 24, 1, 33, 1, 4, 1, 24, 1, 33, 1, 4, 1, 9, 1, 10, 1, 9, 1, 6, 1, 1, 1, 9, 1, 10, 1, 9, 1, 6, 1, 1, 1, 1, 1, 1, 1, 1, 1, 1, 1, 1, 231, 1, 2, 1, 1, 15, 1, 145, 1, ]

weight_list(after reduction): [4, 1, 4, 1, 4, 1, 4, 1, 4, 1, 4, 1, 4, 1, 4, 1, 4, 1, 4, 1, 24, 1, 33, 1, 4, 1, 24, 1, 33, 1, 4, 1, 9, 1, 10, 1, 9, 1, 6, 1, 1, 9, 1, 10, 1, 9, 1, 6, 1, 1, 1, 1, 1, 1, 1, 1, 1, 231, 1, 2, 1, 1, 15, 1, 145, 1, ]

[Length of the list before reduction: 70]
[Length of the list after reduction: 66]
Sum of weight before reduction: 665
Sum of weight after reduction: 661
Token reduced: 4
Average weight before reduction: 9.5
Average weight after reduction: 10.015151515151516
Number of tests: 445
Time: 13074 ms
***********************************************************************************************************************************************
weight_list(before reduction): [1, 3, 1, 3, 1, 3, 1, 3, 1, 3, 1, 3, 1, 3, 1, 3, 1, 3, 1, 3, 1, 23, 1, 32, 1, 3, 1, 23, 1, 32, 1, 3, 1, 8, 1, 9, 1, 8, 1, 5, 1, 8, 1, 9, 1, 8, 1, 5, 228, 3, 1, 1, 4, 8, 1, 2, 5, 9, 96, 3, 32, ]

weight_list(after reduction): [1, 3, 1, 3, 1, 3, 1, 3, 1, 3, 1, 3, 1, 3, 1, 3, 1, 3, 1, 3, 1, 23, 1, 32, 1, 3, 1, 23, 1, 32, 1, 3, 1, 8, 1, 9, 1, 8, 1, 5, 1, 8, 1, 9, 1, 8, 1, 5, 228, 4, 8, 1, 2, 5, 9, 96, ]

[Length of the list before reduction: 61]
[Length of the list after reduction: 56]
Sum of weight before reduction: 623
Sum of weight after reduction: 583
Token reduced: 40
Average weight before reduction: 10.21311475409836
Average weight after reduction: 10.410714285714286
Number of tests: 367
Time: 12949 ms
***********************************************************************************************************************************************
weight_list(before reduction): [1, 2, 1, 2, 1, 2, 1, 2, 1, 2, 1, 2, 1, 2, 1, 2, 1, 2, 1, 2, 5, 18, 5, 27, 1, 2, 5, 18, 5, 27, 1, 2, 6, 2, 7, 2, 6, 2, 1, 2, 1, 1, 6, 2, 7, 2, 6, 2, 1, 2, 1, 1, 227, 1, 3, 1, 7, 1, 1, 1, 1, 3, 1, 1, 7, 1, 95, 1, ]

weight_list(after reduction): [1, 1, 1, 1, 1, 1, 1, 1, 1, 1, 5, 5, 1, 5, 5, 1, 6, 7, 6, 1, 2, 1, 1, 6, 7, 6, 1, 2, 1, 1, 227, 1, 3, 1, 7, 1, 1, 1, 1, 3, 1, 1, 7, 1, 95, 1, ]

[Length of the list before reduction: 68]
[Length of the list after reduction: 46]
Sum of weight before reduction: 558
Sum of weight after reduction: 432
Token reduced: 126
Average weight before reduction: 8.205882352941176
Average weight after reduction: 9.391304347826088
Number of tests: 571
Time: 25786 ms
***********************************************************************************************************************************************
weight_list(before reduction): [4, 1, 4, 1, 4, 1, 4, 1, 5, 1, 6, 1, 5, 1, 1, 1, 5, 1, 6, 1, 5, 1, 1, 1, 1, 226, 1, 1, 1, 1, 6, 1, 2, 4, 3, 3, 1, 91, ]

weight_list(after reduction): [4, 1, 4, 1, 4, 1, 4, 1, 5, 1, 6, 1, 5, 1, 1, 5, 1, 6, 1, 5, 1, 1, 1, 226, 1, 1, 1, 1, 6, 1, 4, 3, 3, 1, 91, ]

[Length of the list before reduction: 38]
[Length of the list after reduction: 35]
Sum of weight before reduction: 404
Sum of weight after reduction: 400
Token reduced: 4
Average weight before reduction: 10.631578947368421
Average weight after reduction: 11.428571428571429
Number of tests: 193
Time: 6402 ms
***********************************************************************************************************************************************
weight_list(before reduction): [1, 3, 1, 3, 1, 3, 1, 3, 1, 4, 1, 5, 1, 4, 1, 4, 1, 5, 1, 4, 221, 5, 1, 5, 3, 1, 1, 2, 1, 2, 90, 1, ]

weight_list(after reduction): [1, 3, 1, 3, 1, 3, 1, 3, 1, 4, 1, 5, 1, 4, 1, 4, 1, 5, 1, 4, 221, 1, 5, 3, 1, 1, 2, 1, 2, 90, 1, ]

[Length of the list before reduction: 32]
[Length of the list after reduction: 31]
Sum of weight before reduction: 381
Sum of weight after reduction: 376
Token reduced: 5
Average weight before reduction: 11.90625
Average weight after reduction: 12.129032258064516
Number of tests: 142
Time: 3911 ms
***********************************************************************************************************************************************
weight_list(before reduction): [1, 2, 1, 2, 1, 2, 1, 2, 1, 1, 1, 1, 1, 2, 1, 1, 1, 1, 1, 1, 1, 1, 1, 1, 1, 2, 1, 1, 1, 1, 1, 1, 220, 1, 1, 4, 1, 2, 1, 1, 1, 1, 1, 89, ]

weight_list(after reduction): [1, 1, 1, 1, 1, 1, 1, 1, 1, 1, 1, 1, 1, 1, 1, 1, 1, 1, 1, 1, 1, 1, 220, 1, 1, 4, 1, 2, 1, 1, 1, 1, 1, 89, ]

[Length of the list before reduction: 44]
[Length of the list after reduction: 34]
Sum of weight before reduction: 361
Sum of weight after reduction: 345
Token reduced: 16
Average weight before reduction: 8.204545454545455
Average weight after reduction: 10.147058823529411
Number of tests: 191
Time: 7209 ms
***********************************************************************************************************************************************
weight_list(before reduction): [1, 219, 3, 1, 1, 1, 8, 81, ]

weight_list(after reduction): [1, 219, 3, 1, 1, 1, 8, 81, ]

No node is deleted.
Number of tests: 26
Time: 1117 ms
***********************************************************************************************************************************************
weight_list(before reduction): [217, 2, 1, 2, 7, 1, 1, 80, ]

weight_list(after reduction): [217, 1, 2, 7, 1, 1, 80, ]

[Length of the list before reduction: 8]
[Length of the list after reduction: 7]
Sum of weight before reduction: 311
Sum of weight after reduction: 309
Token reduced: 2
Average weight before reduction: 38.875
Average weight after reduction: 44.142857142857146
Number of tests: 26
Time: 1351 ms
***********************************************************************************************************************************************
weight_list(before reduction): [216, 1, 1, 1, 1, 6, 79, 1, ]

weight_list(after reduction): [216, 1, 1, 1, 1, 6, 79, 1, ]

No node is deleted.
Number of tests: 26
Time: 944 ms
***********************************************************************************************************************************************
weight_list(before reduction): [1, 215, 1, 5, 1, 78, ]

weight_list(after reduction): [1, 215, 1, 5, 1, 78, ]

No node is deleted.
Number of tests: 18
Time: 1077 ms
***********************************************************************************************************************************************
weight_list(before reduction): [213, 2, 1, 3, 1, 76, 2, ]

weight_list(after reduction): [213, 1, 3, 1, 76, 2, ]

[Length of the list before reduction: 7]
[Length of the list after reduction: 6]
Sum of weight before reduction: 298
Sum of weight after reduction: 296
Token reduced: 2
Average weight before reduction: 42.57142857142857
Average weight after reduction: 49.333333333333336
Number of tests: 23
Time: 1557 ms
***********************************************************************************************************************************************
weight_list(before reduction): [212, 1, 1, 2, 75, 1, 1, 1, ]

weight_list(after reduction): [212, 1, 1, 2, 75, 1, 1, 1, ]

No node is deleted.
Number of tests: 26
Time: 938 ms
***********************************************************************************************************************************************
weight_list(before reduction): [1, 211, 1, 1, 1, 74, ]

weight_list(after reduction): [1, 211, 1, 1, 1, 74, ]

No node is deleted.
Number of tests: 18
Time: 437 ms
***********************************************************************************************************************************************
weight_list(before reduction): [1, 210, 1, 73, ]

weight_list(after reduction): [210, 73, ]

[Length of the list before reduction: 4]
[Length of the list after reduction: 2]
Sum of weight before reduction: 285
Sum of weight after reduction: 283
Token reduced: 2
Average weight before reduction: 71.25
Average weight after reduction: 141.5
Number of tests: 8
Time: 1012 ms
***********************************************************************************************************************************************
weight_list(before reduction): [1, 208, 1, 1, 71, 1, ]

weight_list(after reduction): [1, 208, 1, 1, 71, 1, ]

No node is deleted.
Number of tests: 18
Time: 429 ms
***********************************************************************************************************************************************
weight_list(before reduction): [206, 2, 69, 2, ]

weight_list(after reduction): [206, 69, ]

[Length of the list before reduction: 4]
[Length of the list after reduction: 2]
Sum of weight before reduction: 279
Sum of weight after reduction: 275
Token reduced: 4
Average weight before reduction: 69.75
Average weight after reduction: 137.5
Number of tests: 10
Time: 1051 ms
***********************************************************************************************************************************************
weight_list(before reduction): [205, 1, 68, 1, ]

weight_list(after reduction): [205, 1, 68, 1, ]

No node is deleted.
Number of tests: 10
Time: 237 ms
***********************************************************************************************************************************************
weight_list(before reduction): [1, 204, 1, 67, ]

weight_list(after reduction): [1, 204, 1, 67, ]

No node is deleted.
Number of tests: 10
Time: 224 ms
***********************************************************************************************************************************************
weight_list(before reduction): [202, 2, 16, 51, ]

weight_list(after reduction): [202, 16, ]

[Length of the list before reduction: 4]
[Length of the list after reduction: 2]
Sum of weight before reduction: 271
Sum of weight after reduction: 218
Token reduced: 53
Average weight before reduction: 67.75
Average weight after reduction: 109.0
Number of tests: 10
Time: 1016 ms
***********************************************************************************************************************************************
weight_list(before reduction): [201, 1, 15, 1, ]

weight_list(after reduction): [201, 1, 15, 1, ]

No node is deleted.
Number of tests: 10
Time: 230 ms
***********************************************************************************************************************************************
weight_list(before reduction): [1, 200, 1, 14, ]

weight_list(after reduction): [1, 200, 1, 14, ]

No node is deleted.
Number of tests: 10
Time: 220 ms
***********************************************************************************************************************************************
weight_list(before reduction): [195, 5, 12, 2, ]

weight_list(after reduction): [195, 12, ]

[Length of the list before reduction: 4]
[Length of the list after reduction: 2]
Sum of weight before reduction: 214
Sum of weight after reduction: 207
Token reduced: 7
Average weight before reduction: 53.5
Average weight after reduction: 103.5
Number of tests: 10
Time: 1071 ms
***********************************************************************************************************************************************
weight_list(before reduction): [194, 1, 11, 1, ]

weight_list(after reduction): [194, 1, 11, 1, ]

No node is deleted.
Number of tests: 10
Time: 230 ms
***********************************************************************************************************************************************
weight_list(before reduction): [1, 193, 1, 10, ]

weight_list(after reduction): [1, 193, 1, 10, ]

No node is deleted.
Number of tests: 10
Time: 225 ms
***********************************************************************************************************************************************
weight_list(before reduction): [191, 2, 8, 2, ]

weight_list(after reduction): [191, 8, ]

[Length of the list before reduction: 4]
[Length of the list after reduction: 2]
Sum of weight before reduction: 203
Sum of weight after reduction: 199
Token reduced: 4
Average weight before reduction: 50.75
Average weight after reduction: 99.5
Number of tests: 10
Time: 1069 ms
***********************************************************************************************************************************************
weight_list(before reduction): [190, 1, 7, 1, ]

weight_list(after reduction): [190, 1, 7, 1, ]

No node is deleted.
Number of tests: 10
Time: 248 ms
***********************************************************************************************************************************************
weight_list(before reduction): [1, 189, 1, 6, ]

weight_list(after reduction): [1, 189, 1, 6, ]

No node is deleted.
Number of tests: 10
Time: 238 ms
***********************************************************************************************************************************************
weight_list(before reduction): [1, 188, 1, 5, ]

weight_list(after reduction): [188, 1, 5, ]

[Length of the list before reduction: 4]
[Length of the list after reduction: 3]
Sum of weight before reduction: 195
Sum of weight after reduction: 194
Token reduced: 1
Average weight before reduction: 48.75
Average weight after reduction: 64.66666666666667
Number of tests: 9
Time: 654 ms
***********************************************************************************************************************************************
weight_list(before reduction): [1, 186, 1, 1, 4, ]

weight_list(after reduction): [1, 186, 1, 1, 4, ]

No node is deleted.
Number of tests: 14
Time: 381 ms
***********************************************************************************************************************************************
weight_list(before reduction): [182, 4, 3, 1, ]

weight_list(after reduction): [182, 3, 1, ]

[Length of the list before reduction: 4]
[Length of the list after reduction: 3]
Sum of weight before reduction: 190
Sum of weight after reduction: 186
Token reduced: 4
Average weight before reduction: 47.5
Average weight after reduction: 62.0
Number of tests: 10
Time: 641 ms
***********************************************************************************************************************************************
weight_list(before reduction): [181, 1, 1, 2, ]

weight_list(after reduction): [181, 1, 1, 2, ]

No node is deleted.
Number of tests: 10
Time: 230 ms
***********************************************************************************************************************************************
weight_list(before reduction): [1, 180, 1, 1, ]

weight_list(after reduction): [1, 180, 1, ]

[Length of the list before reduction: 4]
[Length of the list after reduction: 3]
Sum of weight before reduction: 183
Sum of weight after reduction: 182
Token reduced: 1
Average weight before reduction: 45.75
Average weight after reduction: 60.666666666666664
Number of tests: 11
Time: 672 ms
***********************************************************************************************************************************************
weight_list(before reduction): [178, 2, ]

weight_list(after reduction): [178, ]

[Length of the list before reduction: 2]
[Length of the list after reduction: 1]
Sum of weight before reduction: 180
Sum of weight after reduction: 178
Token reduced: 2
Average weight before reduction: 90.0
Average weight after reduction: 178.0
Number of tests: 1
Time: 452 ms
***********************************************************************************************************************************************
weight_list(before reduction): [177, 1, ]

weight_list(after reduction): [177, 1, ]

No node is deleted.
Number of tests: 2
Time: 49 ms
***********************************************************************************************************************************************
weight_list(before reduction): [1, 176, ]

weight_list(after reduction): [1, 176, ]

No node is deleted.
Number of tests: 2
Time: 46 ms
***********************************************************************************************************************************************
weight_list(before reduction): [174, 2, ]

weight_list(after reduction): [174, ]

[Length of the list before reduction: 2]
[Length of the list after reduction: 1]
Sum of weight before reduction: 176
Sum of weight after reduction: 174
Token reduced: 2
Average weight before reduction: 88.0
Average weight after reduction: 174.0
Number of tests: 1
Time: 434 ms
***********************************************************************************************************************************************
weight_list(before reduction): [173, 1, ]

weight_list(after reduction): [173, 1, ]

No node is deleted.
Number of tests: 2
Time: 53 ms
***********************************************************************************************************************************************
weight_list(before reduction): [1, 172, ]

weight_list(after reduction): [1, 172, ]

No node is deleted.
Number of tests: 2
Time: 55 ms
***********************************************************************************************************************************************
weight_list(before reduction): [167, 5, ]

weight_list(after reduction): [167, ]

[Length of the list before reduction: 2]
[Length of the list after reduction: 1]
Sum of weight before reduction: 172
Sum of weight after reduction: 167
Token reduced: 5
Average weight before reduction: 86.0
Average weight after reduction: 167.0
Number of tests: 1
Time: 417 ms
***********************************************************************************************************************************************
weight_list(before reduction): [166, 1, ]

weight_list(after reduction): [166, 1, ]

No node is deleted.
Number of tests: 2
Time: 43 ms
***********************************************************************************************************************************************
weight_list(before reduction): [1, 165, ]

weight_list(after reduction): [1, 165, ]

No node is deleted.
Number of tests: 2
Time: 43 ms
***********************************************************************************************************************************************
weight_list(before reduction): [9, 156, ]

weight_list(after reduction): [9, ]

[Length of the list before reduction: 2]
[Length of the list after reduction: 1]
Sum of weight before reduction: 165
Sum of weight after reduction: 9
Token reduced: 156
Average weight before reduction: 82.5
Average weight after reduction: 9.0
Number of tests: 1
Time: 435 ms
***********************************************************************************************************************************************
weight_list(before reduction): [8, 1, ]

weight_list(after reduction): [8, 1, ]

No node is deleted.
Number of tests: 2
Time: 44 ms
***********************************************************************************************************************************************
weight_list(before reduction): [1, 7, ]

weight_list(after reduction): [1, 7, ]

No node is deleted.
Number of tests: 2
Time: 52 ms
***********************************************************************************************************************************************
weight_list(before reduction): [1, 6, ]

weight_list(after reduction): [1, ]

[Length of the list before reduction: 2]
[Length of the list after reduction: 1]
Sum of weight before reduction: 7
Sum of weight after reduction: 1
Token reduced: 6
Average weight before reduction: 3.5
Average weight after reduction: 1.0
Number of tests: 1
Time: 423 ms
***********************************************************************************************************************************************
weight_list(before reduction): [1621, ]

weight_list(after reduction): [1621, ]

No node is deleted.
Number of tests: 0
Time: 0 ms
***********************************************************************************************************************************************
weight_list(before reduction): [1621, ]

weight_list(after reduction): [1621, ]

No node is deleted.
Number of tests: 0
Time: 0 ms
***********************************************************************************************************************************************
weight_list(before reduction): [4, 4, 4, 4, 4, 4, 4, 4, 5, 6, 12, 18, 18, 18, 20, 20, 20, 20, 20, 18, 18, 16, 20, 20, 20, 20, 20, 14, 22, 22, 20, 22, 22, 20, 12, 16, 16, 18, 18, 25, 22, 25, 23, 16, 16, 21, 18, 25, 22, 25, 23, 12, 16, 16, 18, 16, 16, 18, 3, 3, 6, 6, 6, 6, 11, 14, 3, 3, 4, 3, 3, 4, 3, 4, 4, 4, 3, 3, 3, 3, 3, 4, 3, 3, 3, 3, 3, 3, 3, 3, 3, 3, 3, 3, 3, 3, 2, 3, 3, 3, 3, 3, 1, 3, 2, 2, 3, 3, 3, 3, 1, 3, 3, 3, 3, 3, 3, 3, 3, 5, 3, 3, 3, 3, 3, 3, 3, 3, 3, 3, 3, 6, 10, 3, 4, 14, 5, 5, 5, 6, 5, 6, 5, 15, 10, 33, 14, 19, 9, 13, 9, 15, 11, 177, 15, ]

weight_list(after reduction): [4, 4, 4, 4, 4, 4, 18, 6, 14, 3, 3, 4, 177, 15, ]

[Length of the list before reduction: 155]
[Length of the list after reduction: 14]
Sum of weight before reduction: 1621
Sum of weight after reduction: 264
Token reduced: 1357
Average weight before reduction: 10.458064516129033
Average weight after reduction: 18.857142857142858
Number of tests: 345
Time: 18099 ms
***********************************************************************************************************************************************
weight_list(before reduction): [3, 1, 3, 1, 3, 1, 3, 1, 3, 1, 3, 1, 1, 10, 7, 1, 3, 2, 13, 1, 2, 1, 2, 1, 3, 1, 1, 17, 159, 1, 3, 11, ]

weight_list(after reduction): [3, 1, 3, 1, 3, 1, 3, 1, 3, 1, 3, 1, 1, 10, 7, 1, 3, 2, 13, 1, 2, 1, 2, 1, 3, 1, 1, 17, 159, 1, 3, 11, ]

No node is deleted.
Number of tests: 122
Time: 2849 ms
***********************************************************************************************************************************************
weight_list(before reduction): [1, 1, 1, 1, 1, 1, 1, 1, 1, 1, 1, 1, 1, 1, 1, 1, 1, 1, 3, 7, 1, 5, 1, 1, 2, 1, 1, 1, 12, 1, 1, 1, 1, 2, 1, 1, 16, 1, 157, 1, 1, 2, 1, 9, 1, ]

weight_list(after reduction): [1, 1, 1, 1, 1, 1, 1, 1, 1, 1, 1, 1, 1, 1, 1, 1, 1, 1, 3, 7, 1, 5, 1, 1, 2, 1, 1, 1, 12, 1, 1, 1, 1, 2, 1, 1, 16, 1, 157, 1, 1, 2, 1, 9, 1, ]

No node is deleted.
Number of tests: 174
Time: 3636 ms
***********************************************************************************************************************************************
weight_list(before reduction): [1, 1, 1, 1, 5, 1, 4, 1, 1, 1, 1, 1, 9, 1, 1, 1, 1, 15, 7, 7, 7, 5, 5, 9, 40, 74, 3, 1, 1, 5, 4, ]

weight_list(after reduction): [1, 1, 1, 1, 5, 1, 4, 1, 1, 1, 1, 1, 9, 1, 1, 1, 1, 15, 5, 74, 3, 1, 1, 4, ]

[Length of the list before reduction: 31]
[Length of the list after reduction: 24]
Sum of weight before reduction: 215
Sum of weight after reduction: 135
Token reduced: 80
Average weight before reduction: 6.935483870967742
Average weight after reduction: 5.625
Number of tests: 188
Time: 6244 ms
***********************************************************************************************************************************************
weight_list(before reduction): [2, 3, 1, 3, 3, 3, 3, 1, 13, 1, 1, 3, 1, 1, 72, 1, 2, 1, 3, 1, ]

weight_list(after reduction): [2, 3, 1, 3, 3, 1, 13, 1, 1, 3, 1, 1, 72, 1, 2, 1, 3, 1, ]

[Length of the list before reduction: 20]
[Length of the list after reduction: 18]
Sum of weight before reduction: 119
Sum of weight after reduction: 113
Token reduced: 6
Average weight before reduction: 5.95
Average weight after reduction: 6.277777777777778
Number of tests: 95
Time: 3595 ms
***********************************************************************************************************************************************
weight_list(before reduction): [1, 1, 1, 2, 1, 2, 2, 1, 2, 11, 2, 1, 3, 69, 1, 1, 1, 2, ]

weight_list(after reduction): [1, 1, 1, 2, 1, 2, 2, 1, 2, 11, 2, 1, 69, 1, 1, 1, 2, ]

[Length of the list before reduction: 18]
[Length of the list after reduction: 17]
Sum of weight before reduction: 104
Sum of weight after reduction: 101
Token reduced: 3
Average weight before reduction: 5.777777777777778
Average weight after reduction: 5.9411764705882355
Number of tests: 75
Time: 3251 ms
***********************************************************************************************************************************************
weight_list(before reduction): [1, 1, 1, 1, 1, 1, 1, 1, 4, 3, 4, 1, 1, 17, 1, 51, 1, 1, ]

weight_list(after reduction): [1, 1, 1, 1, 1, 1, 1, 1, 4, 3, 1, 1, 17, 1, 51, 1, 1, ]

[Length of the list before reduction: 18]
[Length of the list after reduction: 17]
Sum of weight before reduction: 92
Sum of weight after reduction: 88
Token reduced: 4
Average weight before reduction: 5.111111111111111
Average weight after reduction: 5.176470588235294
Number of tests: 73
Time: 2851 ms
***********************************************************************************************************************************************
weight_list(before reduction): [1, 3, 1, 2, 1, 1, 15, 1, 49, 1, ]

weight_list(after reduction): [1, 3, 1, 2, 1, 1, 15, 1, 49, 1, ]

No node is deleted.
Number of tests: 34
Time: 881 ms
***********************************************************************************************************************************************
weight_list(before reduction): [1, 2, 1, 1, 4, 8, 1, 2, 3, 9, 37, ]

weight_list(after reduction): [1, 2, 1, 1, 4, 8, 1, 2, 3, 37, ]

[Length of the list before reduction: 11]
[Length of the list after reduction: 10]
Sum of weight before reduction: 69
Sum of weight after reduction: 60
Token reduced: 9
Average weight before reduction: 6.2727272727272725
Average weight after reduction: 6.0
Number of tests: 43
Time: 2189 ms
***********************************************************************************************************************************************
weight_list(before reduction): [1, 1, 3, 1, 7, 1, 1, 1, 2, 1, 36, 1, ]

weight_list(after reduction): [1, 1, 3, 1, 7, 1, 1, 1, 2, 1, 36, 1, ]

No node is deleted.
Number of tests: 42
Time: 2200 ms
***********************************************************************************************************************************************
weight_list(before reduction): [1, 1, 1, 1, 6, 1, 1, 3, 1, 32, ]

weight_list(after reduction): [1, 1, 1, 1, 6, 1, 1, 3, 1, 32, ]

No node is deleted.
Number of tests: 34
Time: 1748 ms
***********************************************************************************************************************************************
weight_list(before reduction): [1, 5, 1, 2, 31, 1, ]

weight_list(after reduction): [1, 5, 1, 2, 31, 1, ]

No node is deleted.
Number of tests: 18
Time: 603 ms
***********************************************************************************************************************************************
weight_list(before reduction): [1, 4, 1, 1, 1, 30, ]

weight_list(after reduction): [1, 4, 1, 1, 1, 30, ]

No node is deleted.
Number of tests: 18
Time: 602 ms
***********************************************************************************************************************************************
weight_list(before reduction): [3, 1, 8, 22, ]

weight_list(after reduction): [3, 1, 8, 22, ]

No node is deleted.
Number of tests: 10
Time: 418 ms
***********************************************************************************************************************************************
weight_list(before reduction): [1, 2, 7, 1, 1, 21, ]

weight_list(after reduction): [1, 2, 7, 1, 1, 21, ]

No node is deleted.
Number of tests: 18
Time: 356 ms
***********************************************************************************************************************************************
weight_list(before reduction): [1, 1, 1, 6, 20, 1, ]

weight_list(after reduction): [1, 1, 1, 6, 20, 1, ]

No node is deleted.
Number of tests: 18
Time: 620 ms
***********************************************************************************************************************************************
weight_list(before reduction): [1, 5, 1, 19, ]

weight_list(after reduction): [1, 5, 1, 19, ]

No node is deleted.
Number of tests: 10
Time: 678 ms
***********************************************************************************************************************************************
weight_list(before reduction): [1, 3, 1, 17, 2, ]

weight_list(after reduction): [1, 3, 1, 17, ]

[Length of the list before reduction: 5]
[Length of the list after reduction: 4]
Sum of weight before reduction: 24
Sum of weight after reduction: 22
Token reduced: 2
Average weight before reduction: 4.8
Average weight after reduction: 5.5
Number of tests: 16
Time: 1120 ms
***********************************************************************************************************************************************
weight_list(before reduction): [1, 2, 16, 1, ]

weight_list(after reduction): [1, 2, 16, 1, ]

No node is deleted.
Number of tests: 10
Time: 188 ms
***********************************************************************************************************************************************
weight_list(before reduction): [1, 1, 1, 15, ]

weight_list(after reduction): [1, 1, 1, 15, ]

No node is deleted.
Number of tests: 10
Time: 175 ms
***********************************************************************************************************************************************
weight_list(before reduction): [14, 1, ]

weight_list(after reduction): [14, 1, ]

No node is deleted.
Number of tests: 2
Time: 27 ms
***********************************************************************************************************************************************
weight_list(before reduction): [1, 13, ]

weight_list(after reduction): [1, 13, ]

No node is deleted.
Number of tests: 2
Time: 31 ms
***********************************************************************************************************************************************
weight_list(before reduction): [12, 1, ]

weight_list(after reduction): [12, 1, ]

No node is deleted.
Number of tests: 2
Time: 32 ms
***********************************************************************************************************************************************
weight_list(before reduction): [1, 11, ]

weight_list(after reduction): [1, 11, ]

No node is deleted.
Number of tests: 2
Time: 30 ms
***********************************************************************************************************************************************
weight_list(before reduction): [10, 1, ]

weight_list(after reduction): [10, 1, ]

No node is deleted.
Number of tests: 2
Time: 33 ms
***********************************************************************************************************************************************
weight_list(before reduction): [1, 9, ]

weight_list(after reduction): [1, 9, ]

No node is deleted.
Number of tests: 2
Time: 30 ms
***********************************************************************************************************************************************
weight_list(before reduction): [8, 1, ]

weight_list(after reduction): [8, 1, ]

No node is deleted.
Number of tests: 2
Time: 31 ms
***********************************************************************************************************************************************
weight_list(before reduction): [1, 7, ]

weight_list(after reduction): [1, 7, ]

No node is deleted.
Number of tests: 2
Time: 32 ms
***********************************************************************************************************************************************
weight_list(before reduction): [6, 1, ]

weight_list(after reduction): [6, 1, ]

No node is deleted.
Number of tests: 2
Time: 32 ms
***********************************************************************************************************************************************
weight_list(before reduction): [1, 5, ]

weight_list(after reduction): [1, 5, ]

No node is deleted.
Number of tests: 2
Time: 32 ms
***********************************************************************************************************************************************
weight_list(before reduction): [1, 4, ]

weight_list(after reduction): [1, 4, ]

No node is deleted.
Number of tests: 2
Time: 48 ms
***********************************************************************************************************************************************
weight_list(before reduction): [1, 3, ]

weight_list(after reduction): [1, 3, ]

No node is deleted.
Number of tests: 2
Time: 31 ms
***********************************************************************************************************************************************
weight_list(before reduction): [2, 1, ]

weight_list(after reduction): [2, 1, ]

No node is deleted.
Number of tests: 2
Time: 34 ms
***********************************************************************************************************************************************
weight_list(before reduction): [1, 1, ]

weight_list(after reduction): [1, 1, ]

No node is deleted.
Number of tests: 2
Time: 31 ms
***********************************************************************************************************************************************
weight_list(before reduction): [160, ]

weight_list(after reduction): [160, ]

No node is deleted.
Number of tests: 0
Time: 0 ms
***********************************************************************************************************************************************
weight_list(before reduction): [160, ]

weight_list(after reduction): [160, ]

No node is deleted.
Number of tests: 0
Time: 0 ms
***********************************************************************************************************************************************
weight_list(before reduction): [4, 4, 4, 4, 4, 4, 18, 6, 8, 3, 3, 4, 84, 10, ]

weight_list(after reduction): [4, 4, 4, 4, 18, 6, 8, 3, 4, 84, 10, ]

[Length of the list before reduction: 14]
[Length of the list after reduction: 11]
Sum of weight before reduction: 160
Sum of weight after reduction: 149
Token reduced: 11
Average weight before reduction: 11.428571428571429
Average weight after reduction: 13.545454545454545
Number of tests: 65
Time: 3485 ms
***********************************************************************************************************************************************
weight_list(before reduction): [3, 1, 3, 1, 3, 1, 3, 1, 1, 10, 7, 1, 3, 2, 7, 1, 2, 1, 3, 1, 1, 13, 70, 1, 3, 6, ]

weight_list(after reduction): [3, 1, 3, 1, 3, 1, 3, 1, 1, 10, 7, 1, 3, 2, 7, 1, 2, 1, 3, 1, 1, 13, 70, 1, 3, 6, ]

No node is deleted.
Number of tests: 98
Time: 2661 ms
***********************************************************************************************************************************************
weight_list(before reduction): [1, 1, 1, 1, 1, 1, 1, 1, 1, 1, 1, 1, 3, 7, 1, 5, 1, 1, 2, 1, 1, 1, 6, 1, 1, 2, 1, 1, 12, 1, 68, 1, 1, 2, 1, 4, 1, ]

weight_list(after reduction): [1, 1, 1, 1, 1, 1, 1, 1, 1, 1, 1, 1, 3, 7, 1, 5, 1, 1, 2, 1, 1, 1, 6, 1, 1, 2, 1, 1, 12, 1, 68, 1, 1, 2, 1, 4, 1, ]

No node is deleted.
Number of tests: 142
Time: 2774 ms
***********************************************************************************************************************************************
weight_list(before reduction): [1, 1, 1, 1, 5, 1, 4, 1, 1, 1, 1, 1, 3, 1, 1, 1, 1, 11, 5, 60, 3, 1, 1, 3, 1, ]

weight_list(after reduction): [1, 1, 1, 1, 5, 1, 4, 1, 1, 1, 1, 1, 3, 1, 1, 1, 1, 11, 60, 3, 1, 1, 3, 1, ]

[Length of the list before reduction: 25]
[Length of the list after reduction: 24]
Sum of weight before reduction: 111
Sum of weight after reduction: 106
Token reduced: 5
Average weight before reduction: 4.44
Average weight after reduction: 4.416666666666667
Number of tests: 102
Time: 2567 ms
***********************************************************************************************************************************************
weight_list(before reduction): [2, 3, 1, 3, 2, 1, 1, 9, 1, 1, 58, 1, 2, 1, 1, 2, ]

weight_list(after reduction): [2, 3, 1, 3, 2, 1, 1, 9, 1, 1, 58, 1, 2, 1, 1, 2, ]

No node is deleted.
Number of tests: 58
Time: 1702 ms
***********************************************************************************************************************************************
weight_list(before reduction): [1, 1, 1, 2, 1, 2, 1, 1, 2, 7, 17, 1, 40, 1, 1, 1, 1, ]

weight_list(after reduction): [1, 1, 1, 2, 1, 2, 1, 1, 2, 7, 17, 1, 40, 1, 1, 1, 1, ]

No node is deleted.
Number of tests: 62
Time: 1544 ms
***********************************************************************************************************************************************
weight_list(before reduction): [1, 1, 1, 1, 1, 1, 4, 3, 1, 1, 15, 1, 38, 1, ]

weight_list(after reduction): [1, 1, 1, 1, 1, 1, 4, 3, 1, 1, 15, 1, 38, 1, ]

No node is deleted.
Number of tests: 50
Time: 1335 ms
***********************************************************************************************************************************************
weight_list(before reduction): [1, 3, 1, 2, 4, 8, 1, 2, 3, 35, ]

weight_list(after reduction): [1, 3, 1, 2, 4, 8, 1, 2, 3, 35, ]

No node is deleted.
Number of tests: 34
Time: 1629 ms
***********************************************************************************************************************************************
weight_list(before reduction): [1, 2, 1, 1, 3, 1, 7, 1, 1, 1, 2, 1, 34, 1, ]

weight_list(after reduction): [1, 2, 1, 1, 3, 1, 7, 1, 1, 1, 2, 1, 34, 1, ]

No node is deleted.
Number of tests: 50
Time: 2188 ms
***********************************************************************************************************************************************
weight_list(before reduction): [1, 1, 1, 1, 1, 1, 6, 1, 1, 3, 1, 30, ]

weight_list(after reduction): [1, 1, 1, 1, 1, 1, 6, 1, 1, 3, 1, 30, ]

No node is deleted.
Number of tests: 42
Time: 1285 ms
***********************************************************************************************************************************************
weight_list(before reduction): [1, 5, 1, 2, 29, 1, ]

weight_list(after reduction): [1, 5, 1, 2, 29, 1, ]

No node is deleted.
Number of tests: 18
Time: 564 ms
***********************************************************************************************************************************************
weight_list(before reduction): [1, 4, 1, 1, 1, 28, ]

weight_list(after reduction): [1, 4, 1, 1, 1, 28, ]

No node is deleted.
Number of tests: 18
Time: 577 ms
***********************************************************************************************************************************************
weight_list(before reduction): [3, 1, 8, 20, ]

weight_list(after reduction): [3, 1, 8, 20, ]

No node is deleted.
Number of tests: 10
Time: 437 ms
***********************************************************************************************************************************************
weight_list(before reduction): [1, 2, 7, 1, 1, 19, ]

weight_list(after reduction): [1, 2, 7, 1, 1, 19, ]

No node is deleted.
Number of tests: 18
Time: 321 ms
***********************************************************************************************************************************************
weight_list(before reduction): [1, 1, 1, 6, 18, 1, ]

weight_list(after reduction): [1, 1, 1, 6, 18, 1, ]

No node is deleted.
Number of tests: 18
Time: 513 ms
***********************************************************************************************************************************************
weight_list(before reduction): [1, 5, 1, 17, ]

weight_list(after reduction): [1, 5, 1, 17, ]

No node is deleted.
Number of tests: 10
Time: 613 ms
***********************************************************************************************************************************************
weight_list(before reduction): [1, 3, 1, 16, 1, ]

weight_list(after reduction): [1, 3, 1, 16, 1, ]

No node is deleted.
Number of tests: 14
Time: 455 ms
***********************************************************************************************************************************************
weight_list(before reduction): [1, 2, 1, 15, ]

weight_list(after reduction): [1, 2, 1, 15, ]

No node is deleted.
Number of tests: 10
Time: 173 ms
***********************************************************************************************************************************************
weight_list(before reduction): [1, 1, 14, 1, ]

weight_list(after reduction): [1, 1, 14, 1, ]

No node is deleted.
Number of tests: 10
Time: 169 ms
***********************************************************************************************************************************************
weight_list(before reduction): [1, 13, ]

weight_list(after reduction): [1, 13, ]

No node is deleted.
Number of tests: 2
Time: 36 ms
***********************************************************************************************************************************************
weight_list(before reduction): [12, 1, ]

weight_list(after reduction): [12, 1, ]

No node is deleted.
Number of tests: 2
Time: 31 ms
***********************************************************************************************************************************************
weight_list(before reduction): [1, 11, ]

weight_list(after reduction): [1, 11, ]

No node is deleted.
Number of tests: 2
Time: 30 ms
***********************************************************************************************************************************************
weight_list(before reduction): [10, 1, ]

weight_list(after reduction): [10, 1, ]

No node is deleted.
Number of tests: 2
Time: 33 ms
***********************************************************************************************************************************************
weight_list(before reduction): [1, 9, ]

weight_list(after reduction): [1, 9, ]

No node is deleted.
Number of tests: 2
Time: 36 ms
***********************************************************************************************************************************************
weight_list(before reduction): [8, 1, ]

weight_list(after reduction): [8, 1, ]

No node is deleted.
Number of tests: 2
Time: 31 ms
***********************************************************************************************************************************************
weight_list(before reduction): [1, 7, ]

weight_list(after reduction): [1, 7, ]

No node is deleted.
Number of tests: 2
Time: 34 ms
***********************************************************************************************************************************************
weight_list(before reduction): [6, 1, ]

weight_list(after reduction): [6, 1, ]

No node is deleted.
Number of tests: 2
Time: 37 ms
***********************************************************************************************************************************************
weight_list(before reduction): [1, 5, ]

weight_list(after reduction): [1, 5, ]

No node is deleted.
Number of tests: 2
Time: 34 ms
***********************************************************************************************************************************************
weight_list(before reduction): [1, 4, ]

weight_list(after reduction): [1, 4, ]

No node is deleted.
Number of tests: 2
Time: 38 ms
***********************************************************************************************************************************************
weight_list(before reduction): [1, 3, ]

weight_list(after reduction): [1, 3, ]

No node is deleted.
Number of tests: 2
Time: 32 ms
***********************************************************************************************************************************************
weight_list(before reduction): [2, 1, ]

weight_list(after reduction): [2, 1, ]

No node is deleted.
Number of tests: 2
Time: 40 ms
***********************************************************************************************************************************************
weight_list(before reduction): [1, 1, ]

weight_list(after reduction): [1, 1, ]

No node is deleted.
Number of tests: 2
Time: 32 ms
***********************************************************************************************************************************************
weight_list(before reduction): [144, ]

weight_list(after reduction): [144, ]

No node is deleted.
Number of tests: 0
Time: 0 ms
***********************************************************************************************************************************************
weight_list(before reduction): [144, ]

weight_list(after reduction): [144, ]

No node is deleted.
Number of tests: 0
Time: 0 ms
***********************************************************************************************************************************************
weight_list(before reduction): [4, 4, 4, 4, 18, 6, 8, 3, 4, 79, 10, ]

weight_list(after reduction): [4, 4, 4, 4, 18, 6, 8, 3, 4, 79, 10, ]

No node is deleted.
Number of tests: 38
Time: 1383 ms
***********************************************************************************************************************************************
weight_list(before reduction): [3, 1, 3, 1, 3, 1, 3, 1, 1, 10, 7, 1, 3, 2, 7, 1, 2, 1, 3, 1, 1, 13, 65, 1, 3, 6, ]

weight_list(after reduction): [3, 1, 3, 1, 3, 1, 3, 1, 1, 10, 7, 1, 3, 2, 7, 1, 2, 1, 3, 1, 1, 13, 65, 1, 3, 6, ]

No node is deleted.
Number of tests: 98
Time: 2529 ms
***********************************************************************************************************************************************
weight_list(before reduction): [1, 1, 1, 1, 1, 1, 1, 1, 1, 1, 1, 1, 3, 7, 1, 5, 1, 1, 2, 1, 1, 1, 6, 1, 1, 2, 1, 1, 12, 1, 63, 1, 1, 2, 1, 4, 1, ]

weight_list(after reduction): [1, 1, 1, 1, 1, 1, 1, 1, 1, 1, 1, 1, 3, 7, 1, 5, 1, 1, 2, 1, 1, 1, 6, 1, 1, 2, 1, 1, 12, 1, 63, 1, 1, 2, 1, 4, 1, ]

No node is deleted.
Number of tests: 142
Time: 2620 ms
***********************************************************************************************************************************************
weight_list(before reduction): [1, 1, 1, 1, 5, 1, 4, 1, 1, 1, 1, 1, 3, 1, 1, 1, 1, 11, 60, 3, 1, 1, 3, 1, ]

weight_list(after reduction): [1, 1, 1, 1, 5, 1, 4, 1, 1, 1, 1, 1, 3, 1, 1, 1, 1, 11, 60, 3, 1, 1, 3, 1, ]

No node is deleted.
Number of tests: 90
Time: 1950 ms
***********************************************************************************************************************************************
weight_list(before reduction): [2, 3, 1, 3, 2, 1, 1, 9, 1, 1, 58, 1, 2, 1, 1, 2, ]

weight_list(after reduction): [2, 3, 1, 3, 2, 1, 1, 9, 1, 1, 58, 1, 2, 1, 1, 2, ]

No node is deleted.
Number of tests: 58
Time: 1700 ms
***********************************************************************************************************************************************
weight_list(before reduction): [1, 1, 1, 2, 1, 2, 1, 1, 2, 7, 17, 1, 40, 1, 1, 1, 1, ]

weight_list(after reduction): [1, 1, 1, 2, 1, 2, 1, 1, 2, 7, 17, 1, 40, 1, 1, 1, 1, ]

No node is deleted.
Number of tests: 62
Time: 1511 ms
***********************************************************************************************************************************************
weight_list(before reduction): [1, 1, 1, 1, 1, 1, 4, 3, 1, 1, 15, 1, 38, 1, ]

weight_list(after reduction): [1, 1, 1, 1, 1, 1, 4, 3, 1, 1, 15, 1, 38, 1, ]

No node is deleted.
Number of tests: 50
Time: 1288 ms
***********************************************************************************************************************************************
weight_list(before reduction): [1, 3, 1, 2, 4, 8, 1, 2, 3, 35, ]

weight_list(after reduction): [1, 3, 1, 2, 4, 8, 1, 2, 3, 35, ]

No node is deleted.
Number of tests: 34
Time: 1438 ms
***********************************************************************************************************************************************
weight_list(before reduction): [1, 2, 1, 1, 3, 1, 7, 1, 1, 1, 2, 1, 34, 1, ]

weight_list(after reduction): [1, 2, 1, 1, 3, 1, 7, 1, 1, 1, 2, 1, 34, 1, ]

No node is deleted.
Number of tests: 50
Time: 1925 ms
***********************************************************************************************************************************************
weight_list(before reduction): [1, 1, 1, 1, 1, 1, 6, 1, 1, 3, 1, 30, ]

weight_list(after reduction): [1, 1, 1, 1, 1, 1, 6, 1, 1, 3, 1, 30, ]

No node is deleted.
Number of tests: 42
Time: 1217 ms
***********************************************************************************************************************************************
weight_list(before reduction): [1, 5, 1, 2, 29, 1, ]

weight_list(after reduction): [1, 5, 1, 2, 29, 1, ]

No node is deleted.
Number of tests: 18
Time: 585 ms
***********************************************************************************************************************************************
weight_list(before reduction): [1, 4, 1, 1, 1, 28, ]

weight_list(after reduction): [1, 4, 1, 1, 1, 28, ]

No node is deleted.
Number of tests: 18
Time: 566 ms
***********************************************************************************************************************************************
weight_list(before reduction): [3, 1, 8, 20, ]

weight_list(after reduction): [3, 1, 8, 20, ]

No node is deleted.
Number of tests: 10
Time: 446 ms
***********************************************************************************************************************************************
weight_list(before reduction): [1, 2, 7, 1, 1, 19, ]

weight_list(after reduction): [1, 2, 7, 1, 1, 19, ]

No node is deleted.
Number of tests: 18
Time: 317 ms
***********************************************************************************************************************************************
weight_list(before reduction): [1, 1, 1, 6, 18, 1, ]

weight_list(after reduction): [1, 1, 1, 6, 18, 1, ]

No node is deleted.
Number of tests: 18
Time: 571 ms
***********************************************************************************************************************************************
weight_list(before reduction): [1, 5, 1, 17, ]

weight_list(after reduction): [1, 5, 1, 17, ]

No node is deleted.
Number of tests: 10
Time: 689 ms
***********************************************************************************************************************************************
weight_list(before reduction): [1, 3, 1, 16, 1, ]

weight_list(after reduction): [1, 3, 1, 16, 1, ]

No node is deleted.
Number of tests: 14
Time: 490 ms
***********************************************************************************************************************************************
weight_list(before reduction): [1, 2, 1, 15, ]

weight_list(after reduction): [1, 2, 1, 15, ]

No node is deleted.
Number of tests: 10
Time: 170 ms
***********************************************************************************************************************************************
weight_list(before reduction): [1, 1, 14, 1, ]

weight_list(after reduction): [1, 1, 14, 1, ]

No node is deleted.
Number of tests: 10
Time: 171 ms
***********************************************************************************************************************************************
weight_list(before reduction): [1, 13, ]

weight_list(after reduction): [1, 13, ]

No node is deleted.
Number of tests: 2
Time: 32 ms
***********************************************************************************************************************************************
weight_list(before reduction): [12, 1, ]

weight_list(after reduction): [12, 1, ]

No node is deleted.
Number of tests: 2
Time: 38 ms
***********************************************************************************************************************************************
weight_list(before reduction): [1, 11, ]

weight_list(after reduction): [1, 11, ]

No node is deleted.
Number of tests: 2
Time: 34 ms
***********************************************************************************************************************************************
weight_list(before reduction): [10, 1, ]

weight_list(after reduction): [10, 1, ]

No node is deleted.
Number of tests: 2
Time: 31 ms
***********************************************************************************************************************************************
weight_list(before reduction): [1, 9, ]

weight_list(after reduction): [1, 9, ]

No node is deleted.
Number of tests: 2
Time: 36 ms
***********************************************************************************************************************************************
weight_list(before reduction): [8, 1, ]

weight_list(after reduction): [8, 1, ]

No node is deleted.
Number of tests: 2
Time: 33 ms
***********************************************************************************************************************************************
weight_list(before reduction): [1, 7, ]

weight_list(after reduction): [1, 7, ]

No node is deleted.
Number of tests: 2
Time: 34 ms
***********************************************************************************************************************************************
weight_list(before reduction): [6, 1, ]

weight_list(after reduction): [6, 1, ]

No node is deleted.
Number of tests: 2
Time: 33 ms
***********************************************************************************************************************************************
weight_list(before reduction): [1, 5, ]

weight_list(after reduction): [1, 5, ]

No node is deleted.
Number of tests: 2
Time: 34 ms
***********************************************************************************************************************************************
weight_list(before reduction): [1, 4, ]

weight_list(after reduction): [1, 4, ]

No node is deleted.
Number of tests: 2
Time: 48 ms
***********************************************************************************************************************************************
weight_list(before reduction): [1, 3, ]

weight_list(after reduction): [1, 3, ]

No node is deleted.
Number of tests: 2
Time: 34 ms
***********************************************************************************************************************************************
weight_list(before reduction): [2, 1, ]

weight_list(after reduction): [2, 1, ]

No node is deleted.
Number of tests: 2
Time: 32 ms
***********************************************************************************************************************************************
weight_list(before reduction): [1, 1, ]

weight_list(after reduction): [1, 1, ]

No node is deleted.
Number of tests: 2
Time: 36 ms
***********************************************************************************************************************************************
/tmp/benchmark
